X - coordinate,Y - coordinate,Time,,,
0.012377902,0.012372902,0,,,
0.024759335,0.024739335,0.001,,,
0.037144294,0.037099294,0.002,,33.74608648,9.373639543
0.049532776,0.049452776,0.003,,,
0.061924778,0.061799778,0.004,,,
0.074320296,0.074140296,0.005,,,
0.086719326,0.086474326,0.006,,,
0.099121866,0.098801866,0.007,,,
0.111527911,0.111122911,0.008,,,
0.123937458,0.123437458,0.009,,,
0.136350503,0.135745503,0.01,,,
0.148767043,0.148047043,0.011,,,
0.161187075,0.160342075,0.012,,,
0.173610594,0.172630594,0.013,,,
0.186037598,0.184912598,0.014,,,
0.198468082,0.197188082,0.015,,,
0.210902044,0.209457044,0.016,,,
0.223339479,0.221719479,0.017,,,
0.235780384,0.233975384,0.018,,,
0.248224756,0.246224756,0.019,,,
0.260672591,0.258467591,0.02,,,
0.273123886,0.270703886,0.021,,,
0.285578636,0.282933636,0.022,,,
0.298036839,0.295156839,0.023,,,
0.310498491,0.307373491,0.024,,,
0.322963588,0.319583588,0.025,,,
0.335432127,0.331787127,0.026,,,
0.347904105,0.343984105,0.027,,,
0.360379517,0.356174517,0.028,,,
0.37285836,0.36835836,0.029,,,
0.385340631,0.380535631,0.03,,,
0.397826327,0.392706327,0.031,,,
0.410315443,0.404870443,0.032,,,
0.422807976,0.417027976,0.033,,,
0.435303922,0.429178922,0.034,,,
0.447803279,0.441323279,0.035,,,
0.460306042,0.453461042,0.036,,,
0.472812208,0.465592208,0.037,,,
0.485321773,0.477716773,0.038,,,
0.497834734,0.489834734,0.039,,,
0.510351088,0.501946088,0.04,,,
0.522870831,0.514050831,0.041,,,
0.535393958,0.526148958,0.042,,,
0.547920468,0.538240468,0.043,,,
0.560450355,0.550325355,0.044,,,
0.572983618,0.562403618,0.045,,,
0.585520251,0.574475251,0.046,,,
0.598060252,0.586540252,0.047,,,
0.610603617,0.598598617,0.048,,,
0.623150343,0.610650343,0.049,,,
0.635700426,0.622695426,0.05,,,
0.648253862,0.634733862,0.051,,,
0.660810648,0.646765648,0.052,,,
0.67337078,0.65879078,0.053,,,
0.685934256,0.670809256,0.054,,,
0.69850107,0.68282107,0.055,,,
0.71107122,0.69482622,0.056,,,
0.723644703,0.706824703,0.057,,,
0.736221514,0.718816514,0.058,,,
0.748801651,0.730801651,0.059,,,
0.761385109,0.742780109,0.06,,,
0.773971885,0.754751885,0.061,,,
0.786561976,0.766716976,0.062,,,
0.799155378,0.778675378,0.063,,,
0.811752087,0.790627087,0.064,,,
0.8243521,0.8025721,0.065,,,
0.836955414,0.814510414,0.066,,,
0.849562024,0.826442024,0.067,,,
0.862171928,0.838366928,0.068,,,
0.874785122,0.850285122,0.069,,,
0.887401602,0.862196602,0.07,,,
0.900021364,0.874101364,0.071,,,
0.912644406,0.885999406,0.072,,,
0.925270724,0.897890724,0.073,,,
0.937900314,0.909775314,0.074,,,
0.950533172,0.921653172,0.075,,,
0.963169295,0.933524295,0.076,,,
0.97580868,0.94538868,0.077,,,
0.988451323,0.957246323,0.078,,,
1.001097221,0.969097221,0.079,,,
1.013746369,0.980941369,0.08,,,
1.026398765,0.992778765,0.081,,,
1.039054404,1.004609404,0.082,,,
1.051713284,1.016433284,0.083,,,
1.064375401,1.028250401,0.084,,,
1.077040751,1.040060751,0.085,,,
1.08970933,1.05186433,0.086,,,
1.102381136,1.063661136,0.087,,,
1.115056164,1.075451164,0.088,,,
1.127734412,1.087234412,0.089,,,
1.140415875,1.099010875,0.09,,,
1.15310055,1.11078055,0.091,,,
1.165788434,1.122543434,0.092,,,
1.178479522,1.134299522,0.093,,,
1.191173812,1.146048812,0.094,,,
1.2038713,1.1577913,0.095,,,
1.216571982,1.169526982,0.096,,,
1.229275855,1.181255855,0.097,,,
1.241982916,1.192977916,0.098,,,
1.25469316,1.20469316,0.099,,,
1.267406584,1.216401584,0.1,,,
1.280123185,1.228103185,0.101,,,
1.292842959,1.239797959,0.102,,,
1.305565903,1.251485903,0.103,,,
1.318292013,1.263167013,0.104,,,
1.331021285,1.274841285,0.105,,,
1.343753717,1.286508717,0.106,,,
1.356489303,1.298169303,0.107,,,
1.369228042,1.309823042,0.108,,,
1.381969929,1.321469929,0.109,,,
1.394714961,1.333109961,0.11,,,
1.407463134,1.344743134,0.111,,,
1.420214446,1.356369446,0.112,,,
1.432968891,1.367988891,0.113,,,
1.445726467,1.379601467,0.114,,,
1.45848717,1.39120717,0.115,,,
1.471250997,1.402805997,0.116,,,
1.484017944,1.414397944,0.117,,,
1.496788008,1.425983008,0.118,,,
1.509561184,1.437561184,0.119,,,
1.52233747,1.44913247,0.12,,,
1.535116862,1.460696862,0.121,,,
1.547899357,1.472254357,0.122,,,
1.56068495,1.48380495,0.123,,,
1.573473639,1.495348639,0.124,,,
1.58626542,1.50688542,0.125,,,
1.599060289,1.518415289,0.126,,,
1.611858242,1.529938242,0.127,,,
1.624659277,1.541454277,0.128,,,
1.63746339,1.55296339,0.129,,,
1.650270576,1.564465576,0.13,,,
1.663080833,1.575960833,0.131,,,
1.675894158,1.587449158,0.132,,,
1.688710546,1.598930546,0.133,,,
1.701529994,1.610404994,0.134,,,
1.714352498,1.621872498,0.135,,,
1.727178055,1.633333055,0.136,,,
1.740006662,1.644786662,0.137,,,
1.752838315,1.656233315,0.138,,,
1.765673009,1.667673009,0.139,,,
1.778510743,1.679105743,0.14,,,
1.791351512,1.690531512,0.141,,,
1.804195313,1.701950313,0.142,,,
1.817042142,1.713362142,0.143,,,
1.829891995,1.724766995,0.144,,,
1.84274487,1.73616487,0.145,,,
1.855600762,1.747555762,0.146,,,
1.868459668,1.758939668,0.147,,,
1.881321585,1.770316585,0.148,,,
1.894186509,1.781686509,0.149,,,
1.907054436,1.793049436,0.15,,,
1.919925363,1.804405363,0.151,,,
1.932799286,1.815754286,0.152,,,
1.945676202,1.827096202,0.153,,,
1.958556108,1.838431108,0.154,,,
1.971438999,1.849758999,0.155,,,
1.984324873,1.861079873,0.156,,,
1.997213725,1.872393725,0.157,,,
2.010105552,1.883700552,0.158,,,
2.023000351,1.895000351,0.159,,,
2.035898118,1.906293118,0.16,,,
2.04879885,1.91757885,0.161,,,
2.061702542,1.928857542,0.162,,,
2.074609193,1.940129193,0.163,,,
2.087518797,1.951393797,0.164,,,
2.100431351,1.962651351,0.165,,,
2.113346852,1.973901852,0.166,,,
2.126265297,1.985145297,0.167,,,
2.139186681,1.996381681,0.168,,,
2.152111002,2.007611002,0.169,,,
2.165038255,2.018833255,0.17,,,
2.177968438,2.030048438,0.171,,,
2.190901546,2.041256546,0.172,,,
2.203837577,2.052457577,0.173,,,
2.216776525,2.063651525,0.174,,,
2.229718389,2.074838389,0.175,,,
2.242663165,2.086018165,0.176,,,
2.255610848,2.097190848,0.177,,,
2.268561436,2.108356436,0.178,,,
2.281514925,2.119514925,0.179,,,
2.294471311,2.130666311,0.18,,,
2.307430591,2.141810591,0.181,,,
2.320392762,2.152947762,0.182,,,
2.333357819,2.164077819,0.183,,,
2.346325759,2.175200759,0.184,,,
2.359296579,2.186316579,0.185,,,
2.372270275,2.197425275,0.186,,,
2.385246844,2.208526844,0.187,,,
2.398226282,2.219621282,0.188,,,
2.411208586,2.230708586,0.189,,,
2.424193751,2.241788751,0.19,,,
2.437181775,2.252861775,0.191,,,
2.450172654,2.263927654,0.192,,,
2.463166384,2.274986384,0.193,,,
2.476162962,2.286037962,0.194,,,
2.489162385,2.297082385,0.195,,,
2.502164648,2.308119648,0.196,,,
2.515169749,2.319149749,0.197,,,
2.528177683,2.330172683,0.198,,,
2.541188447,2.341188447,0.199,,,
2.554202038,2.352197038,0.2,,,
2.567218453,2.363198453,0.201,,,
2.580237687,2.374192687,0.202,,,
2.593259736,2.385179736,0.203,,,
2.606284599,2.396159599,0.204,,,
2.61931227,2.40713227,0.205,,,
2.632342747,2.418097747,0.206,,,
2.645376026,2.429056026,0.207,,,
2.658412103,2.440007103,0.208,,,
2.671450975,2.450950975,0.209,,,
2.684492638,2.461887638,0.21,,,
2.697537089,2.472817089,0.211,,,
2.710584325,2.483739325,0.212,,,
2.723634341,2.494654341,0.213,,,
2.736687134,2.505562134,0.214,,,
2.7497427,2.5164627,0.215,,,
2.762801037,2.527356037,0.216,,,
2.775862141,2.538242141,0.217,,,
2.788926007,2.549121007,0.218,,,
2.801992633,2.559992633,0.219,,,
2.815062015,2.570857015,0.22,,,
2.828134149,2.581714149,0.221,,,
2.841209032,2.592564032,0.222,,,
2.854286661,2.603406661,0.223,,,
2.867367031,2.614242031,0.224,,,
2.88045014,2.62507014,0.225,,,
2.893535983,2.635890983,0.226,,,
2.906624558,2.646704558,0.227,,,
2.91971586,2.65751086,0.228,,,
2.932809886,2.668309886,0.229,,,
2.945906633,2.679101633,0.23,,,
2.959006097,2.689886097,0.231,,,
2.972108274,2.700663274,0.232,,,
2.985213162,2.711433162,0.233,,,
2.998320756,2.722195756,0.234,,,
3.011431053,2.732951053,0.235,,,
3.024544049,2.743699049,0.236,,,
3.037659741,2.754439741,0.237,,,
3.050778125,2.765173125,0.238,,,
3.063899198,2.775899198,0.239,,,
3.077022957,2.786617957,0.24,,,
3.090149397,2.797329397,0.241,,,
3.103278515,2.808033515,0.242,,,
3.116410308,2.818730308,0.243,,,
3.129544772,2.829419772,0.244,,,
3.142681903,2.840101903,0.245,,,
3.155821699,2.850776699,0.246,,,
3.168964155,2.861444155,0.247,,,
3.182109268,2.872104268,0.248,,,
3.195257034,2.882757034,0.249,,,
3.208407451,2.893402451,0.25,,,
3.221560513,2.904040513,0.251,,,
3.234716219,2.914671219,0.252,,,
3.247874564,2.925294564,0.253,,,
3.261035544,2.935910544,0.254,,,
3.274199157,2.946519157,0.255,,,
3.287365398,2.957120398,0.256,,,
3.300534265,2.967714265,0.257,,,
3.313705753,2.978300753,0.258,,,
3.326879859,2.988879859,0.259,,,
3.340056579,2.999451579,0.26,,,
3.353235911,3.010015911,0.261,,,
3.36641785,3.02057285,0.262,,,
3.379602393,3.031122393,0.263,,,
3.392789537,3.041664537,0.264,,,
3.405979277,3.052199277,0.265,,,
3.419171611,3.062726611,0.266,,,
3.432366534,3.073246534,0.267,,,
3.445564044,3.083759044,0.268,,,
3.458764136,3.094264136,0.269,,,
3.471966807,3.104761807,0.27,,,
3.485172054,3.115252054,0.271,,,
3.498379874,3.125734874,0.272,,,
3.511590262,3.136210262,0.273,,,
3.524803214,3.146678214,0.274,,,
3.538018729,3.157138729,0.275,,,
3.551236801,3.167591801,0.276,,,
3.564457428,3.178037428,0.277,,,
3.577680605,3.188475605,0.278,,,
3.59090633,3.19890633,0.279,,,
3.604134599,3.209329599,0.28,,,
3.617365408,3.219745408,0.281,,,
3.630598754,3.230153754,0.282,,,
3.643834633,3.240554633,0.283,,,
3.657073041,3.250948041,0.284,,,
3.670313976,3.261333976,0.285,,,
3.683557434,3.271712434,0.286,,,
3.69680341,3.28208341,0.287,,,
3.710051902,3.292446902,0.288,,,
3.723302906,3.302802906,0.289,,,
3.736556419,3.313151419,0.29,,,
3.749812436,3.323492436,0.291,,,
3.763070955,3.333825955,0.292,,,
3.776331971,3.344151971,0.293,,,
3.789595482,3.354470482,0.294,,,
3.802861484,3.364781484,0.295,,,
3.816129973,3.375084973,0.296,,,
3.829400946,3.385380946,0.297,,,
3.842674399,3.395669399,0.298,,,
3.855950328,3.405950328,0.299,,,
3.869228731,3.416223731,0.3,,,
3.882509603,3.426489603,0.301,,,
3.895792941,3.436747941,0.302,,,
3.909078742,3.446998742,0.303,,,
3.922367002,3.457242002,0.304,,,
3.935657717,3.467477717,0.305,,,
3.948950884,3.477705884,0.306,,,
3.962246499,3.487926499,0.307,,,
3.975544559,3.498139559,0.308,,,
3.988845061,3.508345061,0.309,,,
4.002148,3.518543,0.31,,,
4.015453374,3.528733374,0.311,,,
4.028761178,3.538916178,0.312,,,
4.042071409,3.549091409,0.313,,,
4.055384064,3.559259064,0.314,,,
4.068699139,3.569419139,0.315,,,
4.08201663,3.57957163,0.316,,,
4.095336535,3.589716535,0.317,,,
4.108658849,3.599853849,0.318,,,
4.121983569,3.609983569,0.319,,,
4.135310691,3.620105691,0.32,,,
4.148640212,3.630220212,0.321,,,
4.161972129,3.640327129,0.322,,,
4.175306437,3.650426437,0.323,,,
4.188643133,3.660518133,0.324,,,
4.201982215,3.670602215,0.325,,,
4.215323677,3.680678677,0.326,,,
4.228667517,3.690747517,0.327,,,
4.242013731,3.700808731,0.328,,,
4.255362316,3.710862316,0.329,,,
4.268713268,3.720908268,0.33,,,
4.282066583,3.730946583,0.331,,,
4.295422258,3.740977258,0.332,,,
4.30878029,3.75100029,0.333,,,
4.322140675,3.761015675,0.334,,,
4.335503408,3.771023408,0.335,,,
4.348868488,3.781023488,0.336,,,
4.36223591,3.79101591,0.337,,,
4.375605671,3.801000671,0.338,,,
4.388977767,3.810977767,0.339,,,
4.402352195,3.820947195,0.34,,,
4.415728951,3.830908951,0.341,,,
4.429108031,3.840863031,0.342,,,
4.442489433,3.850809433,0.343,,,
4.455873152,3.860748152,0.344,,,
4.469259185,3.870679185,0.345,,,
4.482647529,3.880602529,0.346,,,
4.496038179,3.890518179,0.347,,,
4.509431133,3.900426133,0.348,,,
4.522826387,3.910326387,0.349,,,
4.536223937,3.920218937,0.35,,,
4.54962378,3.93010378,0.351,,,
4.563025912,3.939980912,0.352,,,
4.57643033,3.94985033,0.353,,,
4.58983703,3.95971203,0.354,,,
4.603246009,3.969566009,0.355,,,
4.616657263,3.979412263,0.356,,,
4.630070788,3.989250788,0.357,,,
4.643486582,3.999081582,0.358,,,
4.65690464,4.00890464,0.359,,,
4.670324959,4.018719959,0.36,,,
4.683747535,4.028527535,0.361,,,
4.697172365,4.038327365,0.362,,,
4.710599446,4.048119446,0.363,,,
4.724028773,4.057903773,0.364,,,
4.737460344,4.067680344,0.365,,,
4.750894155,4.077449155,0.366,,,
4.764330202,4.087210202,0.367,,,
4.777768481,4.096963481,0.368,,,
4.79120899,4.10670899,0.369,,,
4.804651724,4.116446724,0.37,,,
4.81809668,4.12617668,0.371,,,
4.831543855,4.135898855,0.372,,,
4.844993245,4.145613245,0.373,,,
4.858444846,4.155319846,0.374,,,
4.871898656,4.165018656,0.375,,,
4.885354669,4.174709669,0.376,,,
4.898812884,4.184392884,0.377,,,
4.912273296,4.194068296,0.378,,,
4.925735902,4.203735902,0.379,,,
4.939200698,4.213395698,0.38,,,
4.95266768,4.22304768,0.381,,,
4.966136846,4.232691846,0.382,,,
4.979608192,4.242328192,0.383,,,
4.993081713,4.251956713,0.384,,,
5.006557408,4.261577408,0.385,,,
5.020035271,4.271190271,0.386,,,
5.0335153,4.2807953,0.387,,,
5.046997491,4.290392491,0.388,,,
5.06048184,4.29998184,0.389,,,
5.073968344,4.309563344,0.39,,,
5.087456999,4.319136999,0.391,,,
5.100947803,4.328702803,0.392,,,
5.114440751,4.338260751,0.393,,,
5.127935839,4.347810839,0.394,,,
5.141433065,4.357353065,0.395,,,
5.154932424,4.366887424,0.396,,,
5.168433913,4.376413913,0.397,,,
5.18193753,4.38593253,0.398,,,
5.195443269,4.395443269,0.399,,,
5.208951128,4.404946128,0.4,,,
5.222461102,4.414441102,0.401,,,
5.23597319,4.42392819,0.402,,,
5.249487386,4.433407386,0.403,,,
5.263003688,4.442878688,0.404,,,
5.276522091,4.452342091,0.405,,,
5.290042593,4.461797593,0.406,,,
5.30356519,4.47124519,0.407,,,
5.317089877,4.480684877,0.408,,,
5.330616653,4.490116653,0.409,,,
5.344145513,4.499540513,0.41,,,
5.357676453,4.508956453,0.411,,,
5.371209471,4.518364471,0.412,,,
5.384744562,4.527764562,0.413,,,
5.398281724,4.537156724,0.414,,,
5.411820951,4.546540951,0.415,,,
5.425362242,4.555917242,0.416,,,
5.438905592,4.565285592,0.417,,,
5.452450999,4.574645999,0.418,,,
5.465998457,4.583998457,0.419,,,
5.479547965,4.593342965,0.42,,,
5.493099517,4.602679517,0.421,,,
5.506653112,4.612008112,0.422,,,
5.520208744,4.621328744,0.423,,,
5.533766412,4.630641412,0.424,,,
5.54732611,4.63994611,0.425,,,
5.560887836,4.649242836,0.426,,,
5.574451587,4.658531587,0.427,,,
5.588017357,4.667812357,0.428,,,
5.601585145,4.677085145,0.429,,,
5.615154947,4.686349947,0.43,,,
5.628726758,4.695606758,0.431,,,
5.642300576,4.704855576,0.432,,,
5.655876396,4.714096396,0.433,,,
5.669454216,4.723329216,0.434,,,
5.683034032,4.732554032,0.435,,,
5.69661584,4.74177084,0.436,,,
5.710199637,4.750979637,0.437,,,
5.723785419,4.760180419,0.438,,,
5.737373182,4.769373182,0.439,,,
5.750962924,4.778557924,0.44,,,
5.76455464,4.78773464,0.441,,,
5.778148328,4.796903328,0.442,,,
5.791743983,4.806063983,0.443,,,
5.805341602,4.815216602,0.444,,,
5.818941181,4.824361181,0.445,,,
5.832542717,4.833497717,0.446,,,
5.846146207,4.842626207,0.447,,,
5.859751646,4.851746646,0.448,,,
5.873359032,4.860859032,0.449,,,
5.886968361,4.869963361,0.45,,,
5.900579629,4.879059629,0.451,,,
5.914192832,4.888147832,0.452,,,
5.927807968,4.897227968,0.453,,,
5.941425032,4.906300032,0.454,,,
5.955044022,4.915364022,0.455,,,
5.968664933,4.924419933,0.456,,,
5.982287762,4.933467762,0.457,,,
5.995912505,4.942507505,0.458,,,
6.00953916,4.95153916,0.459,,,
6.023167722,4.960562722,0.46,,,
6.036798187,4.969578187,0.461,,,
6.050430554,4.978585554,0.462,,,
6.064064817,4.987584817,0.463,,,
6.077700973,4.996575973,0.464,,,
6.091339019,5.005559019,0.465,,,
6.104978951,5.014533951,0.466,,,
6.118620766,5.023500766,0.467,,,
6.13226446,5.03245946,0.468,,,
6.145910029,5.041410029,0.469,,,
6.159557471,5.050352471,0.47,,,
6.173206781,5.059286781,0.471,,,
6.186857956,5.068212956,0.472,,,
6.200510993,5.077130993,0.473,,,
6.214165888,5.086040888,0.474,,,
6.227822637,5.094942637,0.475,,,
6.241481236,5.103836236,0.476,,,
6.255141683,5.112721683,0.477,,,
6.268803974,5.121598974,0.478,,,
6.282468106,5.130468106,0.479,,,
6.296134073,5.139329073,0.48,,,
6.309801874,5.148181874,0.481,,,
6.323471505,5.157026505,0.482,,,
6.337142962,5.165862962,0.483,,,
6.350816241,5.174691241,0.484,,,
6.36449134,5.18351134,0.485,,,
6.378168253,5.192323253,0.486,,,
6.391846979,5.201126979,0.487,,,
6.405527514,5.209922514,0.488,,,
6.419209853,5.218709853,0.489,,,
6.432893993,5.227488993,0.49,,,
6.446579931,5.236259931,0.491,,,
6.460267664,5.245022664,0.492,,,
6.473957187,5.253777187,0.493,,,
6.487648498,5.262523498,0.494,,,
6.501341592,5.271261592,0.495,,,
6.515036467,5.279991467,0.496,,,
6.528733118,5.288713118,0.497,,,
6.542431542,5.297426542,0.498,,,
6.556131735,5.306131735,0.499,,,
6.569833695,5.314828695,0.5,,,
6.583537417,5.323517417,0.501,,,
6.597242898,5.332197898,0.502,,,
6.610950134,5.340870134,0.503,,,
6.624659122,5.349534122,0.504,,,
6.638369859,5.358189859,0.505,,,
6.65208234,5.36683734,0.506,,,
6.665796563,5.375476563,0.507,,,
6.679512523,5.384107523,0.508,,,
6.693230218,5.392730218,0.509,,,
6.706949643,5.401344643,0.51,,,
6.720670795,5.409950795,0.511,,,
6.734393671,5.418548671,0.512,,,
6.748118267,5.427138267,0.513,,,
6.761844579,5.435719579,0.514,,,
6.775572604,5.444292604,0.515,,,
6.789302339,5.452857339,0.516,,,
6.80303378,5.46141378,0.517,,,
6.816766923,5.469961923,0.518,,,
6.830501765,5.478501765,0.519,,,
6.844238302,5.487033302,0.52,,,
6.857976531,5.495556531,0.521,,,
6.871716448,5.504071448,0.522,,,
6.885458049,5.512578049,0.523,,,
6.899201332,5.521076332,0.524,,,
6.912946293,5.529566293,0.525,,,
6.926692927,5.538047927,0.526,,,
6.940441233,5.546521233,0.527,,,
6.954191205,5.554986205,0.528,,,
6.96794284,5.56344284,0.529,,,
6.981696136,5.571891136,0.53,,,
6.995451088,5.580331088,0.531,,,
7.009207693,5.588762693,0.532,,,
7.022965947,5.597185947,0.533,,,
7.036725847,5.605600847,0.534,,,
7.050487389,5.614007389,0.535,,,
7.06425057,5.62240557,0.536,,,
7.078015386,5.630795386,0.537,,,
7.091781834,5.639176834,0.538,,,
7.105549909,5.647549909,0.539,,,
7.11931961,5.65591461,0.54,,,
7.133090931,5.664270931,0.541,,,
7.14686387,5.67261887,0.542,,,
7.160638423,5.680958423,0.543,,,
7.174414587,5.689289587,0.544,,,
7.188192357,5.697612357,0.545,,,
7.20197173,5.70592673,0.546,,,
7.215752704,5.714232704,0.547,,,
7.229535274,5.722530274,0.548,,,
7.243319436,5.730819436,0.549,,,
7.257105188,5.739100188,0.55,,,
7.270892525,5.747372525,0.551,,,
7.284681445,5.755636445,0.552,,,
7.298471943,5.763891943,0.553,,,
7.312264016,5.772139016,0.554,,,
7.326057661,5.780377661,0.555,,,
7.339852874,5.788607874,0.556,,,
7.353649651,5.796829651,0.557,,,
7.36744799,5.80504299,0.558,,,
7.381247885,5.813247885,0.559,,,
7.395049335,5.821444335,0.56,,,
7.408852335,5.829632335,0.561,,,
7.422656881,5.837811881,0.562,,,
7.436462971,5.845982971,0.563,,,
7.450270601,5.854145601,0.564,,,
7.464079767,5.862299767,0.565,,,
7.477890465,5.870445465,0.566,,,
7.491702693,5.878582693,0.567,,,
7.505516446,5.886711446,0.568,,,
7.519331721,5.894831721,0.569,,,
7.533148515,5.902943515,0.57,,,
7.546966824,5.911046824,0.571,,,
7.560786644,5.919141644,0.572,,,
7.574607972,5.927227972,0.573,,,
7.588430804,5.935305804,0.574,,,
7.602255137,5.943375137,0.575,,,
7.616080968,5.951435968,0.576,,,
7.629908292,5.959488292,0.577,,,
7.643737107,5.967532107,0.578,,,
7.657567408,5.975567408,0.579,,,
7.671399193,5.983594193,0.58,,,
7.685232457,5.991612457,0.581,,,
7.699067197,5.999622197,0.582,,,
7.712903409,6.007623409,0.583,,,
7.726741091,6.015616091,0.584,,,
7.740580238,6.023600238,0.585,,,
7.754420847,6.031575847,0.586,,,
7.768262915,6.039542915,0.587,,,
7.782106437,6.047501437,0.588,,,
7.795951411,6.055451411,0.589,,,
7.809797832,6.063392832,0.59,,,
7.823645698,6.071325698,0.591,,,
7.837495005,6.079250005,0.592,,,
7.851345748,6.087165748,0.593,,,
7.865197926,6.095072926,0.594,,,
7.879051533,6.102971533,0.595,,,
7.892906567,6.110861567,0.596,,,
7.906763024,6.118743024,0.597,,,
7.920620901,6.126615901,0.598,,,
7.934480193,6.134480193,0.599,,,
7.948340899,6.142335899,0.6,,,
7.962203013,6.150183013,0.601,,,
7.976066532,6.158021532,0.602,,,
7.989931453,6.165851453,0.603,,,
8.003797773,6.173672773,0.604,,,
8.017665487,6.181485487,0.605,,,
8.031534592,6.189289592,0.606,,,
8.045405085,6.197085085,0.607,,,
8.059276963,6.204871963,0.608,,,
8.073150221,6.212650221,0.609,,,
8.087024856,6.220419856,0.61,,,
8.100900864,6.228180864,0.611,,,
8.114778243,6.235933243,0.612,,,
8.128656988,6.243676988,0.613,,,
8.142537096,6.251412096,0.614,,,
8.156418564,6.259138564,0.615,,,
8.170301387,6.266856387,0.616,,,
8.184185563,6.274565563,0.617,,,
8.198071087,6.282266087,0.618,,,
8.211957957,6.289957957,0.619,,,
8.225846169,6.297641169,0.62,,,
8.239735718,6.305315718,0.621,,,
8.253626603,6.312981603,0.622,,,
8.267518818,6.320638818,0.623,,,
8.281412361,6.328287361,0.624,,,
8.295307229,6.335927229,0.625,,,
8.309203416,6.343558416,0.626,,,
8.323100921,6.351180921,0.627,,,
8.336999739,6.358794739,0.628,,,
8.350899867,6.366399867,0.629,,,
8.364801301,6.373996301,0.63,,,
8.378704039,6.381584039,0.631,,,
8.392608075,6.389163075,0.632,,,
8.406513408,6.396733408,0.633,,,
8.420420032,6.404295032,0.634,,,
8.434327945,6.411847945,0.635,,,
8.448237144,6.419392144,0.636,,,
8.462147624,6.426927624,0.637,,,
8.476059382,6.434454382,0.638,,,
8.489972415,6.441972415,0.639,,,
8.503886719,6.449481719,0.64,,,
8.51780229,6.45698229,0.641,,,
8.531719125,6.464474125,0.642,,,
8.545637221,6.471957221,0.643,,,
8.559556573,6.479431573,0.644,,,
8.573477179,6.486897179,0.645,,,
8.587399035,6.494354035,0.646,,,
8.601322137,6.501802137,0.647,,,
8.615246481,6.509241481,0.648,,,
8.629172065,6.516672065,0.649,,,
8.643098885,6.524093885,0.65,,,
8.657026936,6.531506936,0.651,,,
8.670956217,6.538911217,0.652,,,
8.684886722,6.546306722,0.653,,,
8.698818449,6.553693449,0.654,,,
8.712751394,6.561071394,0.655,,,
8.726685553,6.568440553,0.656,,,
8.740620923,6.575800923,0.657,,,
8.754557501,6.583152501,0.658,,,
8.768495282,6.590495282,0.659,,,
8.782434264,6.597829264,0.66,,,
8.796374443,6.605154443,0.661,,,
8.810315815,6.612470815,0.662,,,
8.824258376,6.619778376,0.663,,,
8.838202124,6.627077124,0.664,,,
8.852147054,6.634367054,0.665,,,
8.866093163,6.641648163,0.666,,,
8.880040448,6.648920448,0.667,,,
8.893988905,6.656183905,0.668,,,
8.907938531,6.663438531,0.669,,,
8.921889321,6.670684321,0.67,,,
8.935841273,6.677921273,0.671,,,
8.949794383,6.685149383,0.672,,,
8.963748647,6.692368647,0.673,,,
8.977704062,6.699579062,0.674,,,
8.991660624,6.706780624,0.675,,,
9.00561833,6.71397333,0.676,,,
9.019577177,6.721157177,0.677,,,
9.033537159,6.728332159,0.678,,,
9.047498275,6.735498275,0.679,,,
9.061460521,6.742655521,0.68,,,
9.075423893,6.749803893,0.681,,,
9.089388387,6.756943387,0.682,,,
9.103354,6.764074,0.683,,,
9.117320729,6.771195729,0.684,,,
9.131288569,6.778308569,0.685,,,
9.145257518,6.785412518,0.686,,,
9.159227572,6.792507572,0.687,,,
9.173198727,6.799593727,0.688,,,
9.18717098,6.80667098,0.689,,,
9.201144327,6.813739327,0.69,,,
9.215118765,6.820798765,0.691,,,
9.22909429,6.82784929,0.692,,,
9.243070899,6.834890899,0.693,,,
9.257048588,6.841923588,0.694,,,
9.271027353,6.848947353,0.695,,,
9.285007192,6.855962192,0.696,,,
9.2989881,6.8629681,0.697,,,
9.312970073,6.869965073,0.698,,,
9.32695311,6.87695311,0.699,,,
9.340937205,6.883932205,0.7,,,
9.354922355,6.890902355,0.701,,,
9.368908558,6.897863558,0.702,,,
9.382895808,6.904815808,0.703,,,
9.396884104,6.911759104,0.704,,,
9.410873441,6.918693441,0.705,,,
9.424863815,6.925618815,0.706,,,
9.438855223,6.932535223,0.707,,,
9.452847662,6.939442662,0.708,,,
9.466841128,6.946341128,0.709,,,
9.480835618,6.953230618,0.71,,,
9.494831128,6.960111128,0.711,,,
9.508827654,6.966982654,0.712,,,
9.522825193,6.973845193,0.713,,,
9.536823741,6.980698741,0.714,,,
9.550823296,6.987543296,0.715,,,
9.564823852,6.994378852,0.716,,,
9.578825408,7.001205408,0.717,,,
9.592827958,7.008022958,0.718,,,
9.606831501,7.014831501,0.719,,,
9.620836031,7.021631031,0.72,,,
9.634841547,7.028421547,0.721,,,
9.648848043,7.035203043,0.722,,,
9.662855517,7.041975517,0.723,,,
9.676863965,7.048738965,0.724,,,
9.690873383,7.055493383,0.725,,,
9.704883769,7.062238769,0.726,,,
9.718895118,7.068975118,0.727,,,
9.732907426,7.075702426,0.728,,,
9.746920692,7.082420692,0.729,,,
9.760934909,7.089129909,0.73,,,
9.774950077,7.095830077,0.731,,,
9.78896619,7.10252119,0.732,,,
9.802983245,7.109203245,0.733,,,
9.817001239,7.115876239,0.734,,,
9.831020168,7.122540168,0.735,,,
9.845040029,7.129195029,0.736,,,
9.859060817,7.135840817,0.737,,,
9.873082531,7.142477531,0.738,,,
9.887105165,7.149105165,0.739,,,
9.901128717,7.155723717,0.74,,,
9.915153182,7.162333182,0.741,,,
9.929178558,7.168933558,0.742,,,
9.943204841,7.175524841,0.743,,,
9.957232028,7.182107028,0.744,,,
9.971260114,7.188680114,0.745,,,
9.985289096,7.195244096,0.746,,,
9.999318971,7.201798971,0.747,,,
10.01334974,7.208344735,0.748,,,
10.02738139,7.214881385,0.749,,,
10.04141392,7.221408917,0.75,,,
10.05544733,7.227927328,0.751,,,
10.06948161,7.234436613,0.752,,,
10.08351677,7.240936771,0.753,,,
10.0975528,7.247427796,0.754,,,
10.11158969,7.253909685,0.755,,,
10.12562744,7.260382436,0.756,,,
10.13966604,7.266846044,0.757,,,
10.15370551,7.273300505,0.758,,,
10.16774582,7.279745817,0.759,,,
10.18178698,7.286181976,0.76,,,
10.19582898,7.292608978,0.761,,,
10.20987182,7.299026819,0.762,,,
10.2239155,7.305435497,0.763,,,
10.23796001,7.311835008,0.764,,,
10.25200535,7.318225347,0.765,,,
10.26605151,7.324606512,0.766,,,
10.2800985,7.330978499,0.767,,,
10.2941463,7.337341305,0.768,,,
10.30819493,7.343694925,0.769,,,
10.32224436,7.350039357,0.77,,,
10.3362946,7.356374597,0.771,,,
10.35034564,7.362700641,0.772,,,
10.36439749,7.369017486,0.773,,,
10.37845013,7.375325128,0.774,,,
10.39250356,7.381623564,0.775,,,
10.40655779,7.38791279,0.776,,,
10.4206128,7.394192802,0.777,,,
10.4346686,7.400463598,0.778,,,
10.44872517,7.406725174,0.779,,,
10.46278253,7.412977525,0.78,,,
10.47684065,7.419220649,0.781,,,
10.49089954,7.425454542,0.782,,,
10.5049592,7.4316792,0.783,,,
10.51901962,7.437894621,0.784,,,
10.5330808,7.444100799,0.785,,,
10.54714273,7.450297733,0.786,,,
10.56120542,7.456485418,0.787,,,
10.57526885,7.46266385,0.788,,,
10.58933303,7.468833027,0.789,,,
10.60339794,7.474992945,0.79,,,
10.6174636,7.481143599,0.791,,,
10.63152999,7.487284987,0.792,,,
10.64559711,7.493417106,0.793,,,
10.65966495,7.499539951,0.794,,,
10.67373352,7.505653519,0.795,,,
10.68780281,7.511757806,0.796,,,
10.70187281,7.51785281,0.797,,,
10.71594353,7.523938525,0.798,,,
10.73001495,7.53001495,0.799,,,
10.74408708,7.53608208,0.8,,,
10.75815991,7.542139912,0.801,,,
10.77223344,7.548188442,0.802,,,
10.78630767,7.554227667,0.803,,,
10.80038258,7.560257583,0.804,,,
10.81445819,7.566278186,0.805,,,
10.82853447,7.572289474,0.806,,,
10.84261144,7.578291442,0.807,,,
10.85668909,7.584284088,0.808,,,
10.87076741,7.590267407,0.809,,,
10.8848464,7.596241396,0.81,,,
10.89892605,7.602206051,0.811,,,
10.91300637,7.608161369,0.812,,,
10.92708735,7.614107347,0.813,,,
10.94116898,7.62004398,0.814,,,
10.95525127,7.625971266,0.815,,,
10.9693342,7.631889201,0.816,,,
10.98341778,7.637797781,0.817,,,
10.997502,7.643697002,0.818,,,
11.01158686,7.649586862,0.819,,,
11.02567236,7.655467356,0.82,,,
11.03975848,7.661338482,0.821,,,
11.05384523,7.667200235,0.822,,,
11.06793261,7.673052612,0.823,,,
11.08202061,7.678895609,0.824,,,
11.09610922,7.684729223,0.825,,,
11.11019845,7.690553451,0.826,,,
11.12428829,7.696368289,0.827,,,
11.13837873,7.702173733,0.828,,,
11.15246978,7.70796978,0.829,,,
11.16656143,7.713756426,0.83,,,
11.18065367,7.719533668,0.831,,,
11.1947465,7.725301502,0.832,,,
11.20883992,7.731059925,0.833,,,
11.22293393,7.736808933,0.834,,,
11.23702852,7.742548522,0.835,,,
11.25112369,7.74827869,0.836,,,
11.26521943,7.753999432,0.837,,,
11.27931574,7.759710745,0.838,,,
11.29341263,7.765412625,0.839,,,
11.30751007,7.77110507,0.84,,,
11.32160807,7.776788074,0.841,,,
11.33570664,7.782461636,0.842,,,
11.34980575,7.788125751,0.843,,,
11.36390542,7.793780416,0.844,,,
11.37800563,7.799425627,0.845,,,
11.39210638,7.80506138,0.846,,,
11.40620767,7.810687673,0.847,,,
11.4203095,7.816304502,0.848,,,
11.43441186,7.821911862,0.849,,,
11.44851475,7.827509751,0.85,,,
11.46261817,7.833098166,0.851,,,
11.4767221,7.838677101,0.852,,,
11.49082655,7.844246555,0.853,,,
11.50493152,7.849806523,0.854,,,
11.519037,7.855357002,0.855,,,
11.53314299,7.860897988,0.856,,,
11.54724948,7.866429478,0.857,,,
11.56135647,7.871951468,0.858,,,
11.57546396,7.877463956,0.859,,,
11.58957194,7.882966936,0.86,,,
11.60368041,7.888460406,0.861,,,
11.61778936,7.893944362,0.862,,,
11.6318988,7.899418801,0.863,,,
11.64600872,7.904883718,0.864,,,
11.66011911,7.910339112,0.865,,,
11.67422998,7.915784977,0.866,,,
11.68834131,7.921221311,0.867,,,
11.70245311,7.926648109,0.868,,,
11.71656537,7.93206537,0.869,,,
11.73067809,7.937473087,0.87,,,
11.74479126,7.94287126,0.871,,,
11.75890488,7.948259883,0.872,,,
11.77301895,7.953638953,0.873,,,
11.78713347,7.959008467,0.874,,,
11.80124842,7.964368421,0.875,,,
11.81536381,7.969718812,0.876,,,
11.82947964,7.975059636,0.877,,,
11.84359589,7.980390889,0.878,,,
11.85771257,7.985712569,0.879,,,
11.87182967,7.991024671,0.88,,,
11.88594719,7.996327192,0.881,,,
11.90006513,8.001620128,0.882,,,
11.91418348,8.006903476,0.883,,,
11.92830223,8.012177233,0.884,,,
11.94242139,8.017441394,0.885,,,
11.95654096,8.022695957,0.886,,,
11.97066092,8.027940917,0.887,,,
11.98478127,8.033176272,0.888,,,
11.99890202,8.038402017,0.889,,,
12.01302315,8.04361815,0.89,,,
12.02714467,8.048824666,0.891,,,
12.04126656,8.054021562,0.892,,,
12.05538883,8.059208835,0.893,,,
12.06951148,8.064386481,0.894,,,
12.0836345,8.069554496,0.895,,,
12.09775788,8.074712877,0.896,,,
12.11188162,8.07986162,0.897,,,
12.12600572,8.085000723,0.898,,,
12.14013018,8.09013018,0.899,,,
12.15425499,8.09524999,0.9,,,
12.16838015,8.100360147,0.901,,,
12.18250565,8.10546065,0.902,,,
12.19663149,8.110551493,0.903,,,
12.21075767,8.115632675,0.904,,,
12.22488419,8.12070419,0.905,,,
12.23901104,8.125766036,0.906,,,
12.25313821,8.130818209,0.907,,,
12.26726571,8.135860705,0.908,,,
12.28139352,8.140893522,0.909,,,
12.29552165,8.145916655,0.91,,,
12.3096501,8.1509301,0.911,,,
12.32377886,8.155933855,0.912,,,
12.33790792,8.160927916,0.913,,,
12.35203728,8.16591228,0.914,,,
12.36616694,8.170886942,0.915,,,
12.3802969,8.175851899,0.916,,,
12.39442715,8.180807148,0.917,,,
12.40855768,8.185752685,0.918,,,
12.42268851,8.190688506,0.919,,,
12.43681961,8.195614609,0.92,,,
12.45095099,8.200530989,0.921,,,
12.46508264,8.205437643,0.922,,,
12.47921457,8.210334568,0.923,,,
12.49334676,8.21522176,0.924,,,
12.50747921,8.220099215,0.925,,,
12.52161193,8.22496693,0.926,,,
12.5357449,8.229824901,0.927,,,
12.54987812,8.234673125,0.928,,,
12.5640116,8.239511598,0.929,,,
12.57814532,8.244340317,0.93,,,
12.59227928,8.249159278,0.931,,,
12.60641348,8.253968478,0.932,,,
12.62054791,8.258767913,0.933,,,
12.63468258,8.26355758,0.934,,,
12.64881747,8.268337474,0.935,,,
12.66295259,8.273107593,0.936,,,
12.67708793,8.277867933,0.937,,,
12.69122349,8.282618491,0.938,,,
12.70535926,8.287359262,0.939,,,
12.71949524,8.292090244,0.94,,,
12.73363143,8.296811432,0.941,,,
12.74776782,8.301522824,0.942,,,
12.76190442,8.306224416,0.943,,,
12.7760412,8.310916204,0.944,,,
12.79017818,8.315598184,0.945,,,
12.80431535,8.320270354,0.946,,,
12.81845271,8.324932709,0.947,,,
12.83259025,8.329585247,0.948,,,
12.84672796,8.334227962,0.949,,,
12.86086585,8.338860853,0.95,,,
12.87500392,8.343483916,0.951,,,
12.88914215,8.348097146,0.952,,,
12.90328054,8.352700541,0.953,,,
12.9174191,8.357294096,0.954,,,
12.93155781,8.361877809,0.955,,,
12.94569668,8.366451676,0.956,,,
12.95983569,8.371015693,0.957,,,
12.97397486,8.375569857,0.958,,,
12.98811416,8.380114164,0.959,,,
13.00225361,8.38464861,0.96,,,
13.01639319,8.389173193,0.961,,,
13.03053291,8.393687908,0.962,,,
13.04467275,8.398192753,0.963,,,
13.05881272,8.402687722,0.964,,,
13.07295281,8.407172814,0.965,,,
13.08709302,8.411648024,0.966,,,
13.10123335,8.416113349,0.967,,,
13.11537379,8.420568786,0.968,,,
13.12951433,8.42501433,0.969,,,
13.14365498,8.429449979,0.97,,,
13.15779573,8.433875728,0.971,,,
13.17193658,8.438291575,0.972,,,
13.18607752,8.442697515,0.973,,,
13.20021855,8.447093546,0.974,,,
13.21435966,8.451479663,0.975,,,
13.22850086,8.455855863,0.976,,,
13.24264214,8.460222143,0.977,,,
13.2567835,8.464578499,0.978,,,
13.27092493,8.468924927,0.979,,,
13.28506642,8.473261424,0.98,,,
13.29920799,8.477587987,0.981,,,
13.31334961,8.481904611,0.982,,,
13.32749129,8.486211294,0.983,,,
13.34163303,8.490508031,0.984,,,
13.35577482,8.49479482,0.985,,,
13.36991666,8.499071657,0.986,,,
13.38405854,8.503338538,0.987,,,
13.39820046,8.507595459,0.988,,,
13.41234242,8.511842417,0.989,,,
13.42648441,8.51607941,0.99,,,
13.44062643,8.520306432,0.991,,,
13.45476848,8.524523481,0.992,,,
13.46891055,8.528730552,0.993,,,
13.48305264,8.532927643,0.994,,,
13.49719475,8.53711475,0.995,,,
13.51133687,8.54129187,0.996,,,
13.525479,8.545458998,0.997,,,
13.53962113,8.549616132,0.998,,,
13.55376327,8.553763267,0.999,,,
13.5679054,8.557900401,1,,,
13.58204753,8.562027529,1.001,,,
13.59618965,8.566144648,1.002,,,
13.61033176,8.570251755,1.003,,,
13.62447385,8.574348846,1.004,,,
13.63861592,8.578435918,1.005,,,
13.65275797,8.582512967,1.006,,,
13.66689999,8.586579989,1.007,,,
13.68104198,8.590636981,1.008,,,
13.69518394,8.59468394,1.009,,,
13.70932586,8.598720861,1.01,,,
13.72346774,8.602747742,1.011,,,
13.73760958,8.606764578,1.012,,,
13.75175137,8.610771367,1.013,,,
13.7658931,8.614768105,1.014,,,
13.78003479,8.618754788,1.015,,,
13.79417641,8.622731412,1.016,,,
13.80831797,8.626697975,1.017,,,
13.82245947,8.630654472,1.018,,,
13.8366009,8.6346009,1.019,,,
13.85074226,8.638537256,1.02,,,
13.86488354,8.642463536,1.021,,,
13.87902474,8.646379736,1.022,,,
13.89316585,8.650285853,1.023,,,
13.90730688,8.654181883,1.024,,,
13.92144782,8.658067824,1.025,,,
13.93558867,8.66194367,1.026,,,
13.94972942,8.66580942,1.027,,,
13.96387007,8.669665068,1.028,,,
13.97801061,8.673510613,1.029,,,
13.99215105,8.677346049,1.03,,,
14.00629137,8.681171374,1.031,,,
14.02043158,8.684986584,1.032,,,
14.03457168,8.688791676,1.033,,,
14.04871165,8.692586646,1.034,,,
14.06285149,8.69637149,1.035,,,
14.07699121,8.700146206,1.036,,,
14.09113079,8.703910788,1.037,,,
14.10527023,8.707665235,1.038,,,
14.11940954,8.711409542,1.039,,,
14.13354871,8.715143705,1.04,,,
14.14768772,8.718867722,1.041,,,
14.16182659,8.722581589,1.042,,,
14.1759653,8.726285302,1.043,,,
14.19010386,8.729978858,1.044,,,
14.20424225,8.733662252,1.045,,,
14.21838048,8.737335483,1.046,,,
14.23251855,8.740998545,1.047,,,
14.24665644,8.744651436,1.048,,,
14.26079415,8.748294152,1.049,,,
14.27493169,8.751926689,1.05,,,
14.28906904,8.755549045,1.051,,,
14.30320621,8.759161214,1.052,,,
14.31734319,8.762763195,1.053,,,
14.33147998,8.766354983,1.054,,,
14.34561657,8.769936574,1.055,,,
14.35975297,8.773507966,1.056,,,
14.37388915,8.777069155,1.057,,,
14.38802514,8.780620136,1.058,,,
14.40216091,8.784160908,1.059,,,
14.41629647,8.787691465,1.06,,,
14.43043181,8.791211805,1.061,,,
14.44456692,8.794721924,1.062,,,
14.45870182,8.798221819,1.063,,,
14.47283649,8.801711485,1.064,,,
14.48697092,8.80519092,1.065,,,
14.50110512,8.80866012,1.066,,,
14.51523908,8.812119081,1.067,,,
14.5293728,8.8155678,1.068,,,
14.54350627,8.819006274,1.069,,,
14.5576395,8.822434498,1.07,,,
14.57177247,8.825852469,1.071,,,
14.58590518,8.829260184,1.072,,,
14.60003764,8.832657639,1.073,,,
14.61416983,8.83604483,1.074,,,
14.62830176,8.839421755,1.075,,,
14.64243341,8.842788409,1.076,,,
14.65656479,8.84614479,1.077,,,
14.67069589,8.849490892,1.078,,,
14.68482671,8.852826714,1.079,,,
14.69895725,8.856152251,1.08,,,
14.7130875,8.8594675,1.081,,,
14.72721746,8.862772457,1.082,,,
14.74134712,8.866067119,1.083,,,
14.75547648,8.869351482,1.084,,,
14.76960554,8.872625543,1.085,,,
14.7837343,8.875889298,1.086,,,
14.79786274,8.879142744,1.087,,,
14.81199088,8.882385877,1.088,,,
14.82611869,8.885618693,1.089,,,
14.84024619,8.88884119,1.09,,,
14.85437336,8.892053363,1.091,,,
14.86850021,8.895255209,1.092,,,
14.88262672,8.898446724,1.093,,,
14.89675291,8.901627905,1.094,,,
14.91087875,8.904798749,1.095,,,
14.92500425,8.907959251,1.096,,,
14.93912941,8.911109409,1.097,,,
14.95325422,8.914249218,1.098,,,
14.96737868,8.917378676,1.099,,,
14.98150278,8.920497778,1.1,,,
14.99562652,8.923606522,1.101,,,
15.0097499,8.926704903,1.102,,,
15.02387292,8.929792918,1.103,,,
15.03799556,8.932870564,1.104,,,
15.05211784,8.935937836,1.105,,,
15.06623973,8.938994733,1.106,,,
15.08036125,8.942041249,1.107,,,
15.09448238,8.945077381,1.108,,,
15.10860313,8.948103126,1.109,,,
15.12272348,8.951118481,1.11,,,
15.13684344,8.954123442,1.111,,,
15.150963,8.957118004,1.112,,,
15.16508217,8.960102166,1.113,,,
15.17920092,8.963075922,1.114,,,
15.19331927,8.966039271,1.115,,,
15.20743721,8.968992207,1.116,,,
15.22155473,8.971934728,1.117,,,
15.23567183,8.97486683,1.118,,,
15.24978851,8.977788509,1.119,,,
15.26390476,8.980699763,1.12,,,
15.27802059,8.983600587,1.121,,,
15.29213598,8.986490978,1.122,,,
15.30625093,8.989370932,1.123,,,
15.32036545,8.992240446,1.124,,,
15.33447952,8.995099516,1.125,,,
15.34859314,8.997948139,1.126,,,
15.36270631,9.000786311,1.127,,,
15.37681903,9.003614029,1.128,,,
15.39093129,9.006431289,1.129,,,
15.40504309,9.009238088,1.13,,,
15.41915442,9.012034422,1.131,,,
15.43326529,9.014820287,1.132,,,
15.44737568,9.01759568,1.133,,,
15.4614856,9.020360598,1.134,,,
15.47559504,9.023115037,1.135,,,
15.48970399,9.025858993,1.136,,,
15.50381246,9.028592463,1.137,,,
15.51792044,9.031315443,1.138,,,
15.53202793,9.03402793,1.139,,,
15.54613492,9.036729921,1.14,,,
15.56024141,9.039421411,1.141,,,
15.5743474,9.042102397,1.142,,,
15.58845288,9.044772876,1.143,,,
15.60255784,9.047432844,1.144,,,
15.6166623,9.050082297,1.145,,,
15.63076623,9.052721233,1.146,,,
15.64486965,9.055349647,1.147,,,
15.65897254,9.057967536,1.148,,,
15.6730749,9.060574897,1.149,,,
15.68717673,9.063171725,1.15,,,
15.70127802,9.065758018,1.151,,,
15.71537877,9.068333772,1.152,,,
15.72947898,9.070898983,1.153,,,
15.74357865,9.073453648,1.154,,,
15.75767776,9.075997763,1.155,,,
15.77177632,9.078531324,1.156,,,
15.78587433,9.081054329,1.157,,,
15.79997177,9.083566773,1.158,,,
15.81406865,9.086068654,1.159,,,
15.82816497,9.088559967,1.16,,,
15.84226071,9.091040709,1.161,,,
15.85635588,9.093510877,1.162,,,
15.87045047,9.095970466,1.163,,,
15.88454447,9.098419474,1.164,,,
15.8986379,9.100857897,1.165,,,
15.91273073,9.103285731,1.166,,,
15.92682297,9.105702973,1.167,,,
15.94091462,9.108109619,1.168,,,
15.95500567,9.110505666,1.169,,,
15.96909611,9.11289111,1.17,,,
15.98318595,9.115265947,1.171,,,
15.99727518,9.117630175,1.172,,,
16.01136379,9.11998379,1.173,,,
16.02545179,9.122326787,1.174,,,
16.03953916,9.124659164,1.175,,,
16.05362592,9.126980917,1.176,,,
16.06771204,9.129292042,1.177,,,
16.08179754,9.131592537,1.178,,,
16.0958824,9.133882396,1.179,,,
16.10996662,9.136161618,1.18,,,
16.1240502,9.138430198,1.181,,,
16.13813313,9.140688132,1.182,,,
16.15221542,9.142935418,1.183,,,
16.16629705,9.145172052,1.184,,,
16.18037803,9.147398029,1.185,,,
16.19445835,9.149613348,1.186,,,
16.208538,9.151818003,1.187,,,
16.22261699,9.154011992,1.188,,,
16.23669531,9.156195311,1.189,,,
16.25077296,9.158367956,1.19,,,
16.26484992,9.160529925,1.191,,,
16.27892621,9.162681212,1.192,,,
16.29300182,9.164821816,1.193,,,
16.30707673,9.166951732,1.194,,,
16.32115096,9.169070957,1.195,,,
16.33522449,9.171179487,1.196,,,
16.34929732,9.173277319,1.197,,,
16.36336945,9.175364449,1.198,,,
16.37744087,9.177440873,1.199,,,
16.39151159,9.179506589,1.2,,,
16.40558159,9.181561592,1.201,,,
16.41965088,9.18360588,1.202,,,
16.43371945,9.185639448,1.203,,,
16.44778729,9.187662293,1.204,,,
16.46185441,9.189674411,1.205,,,
16.4759208,9.191675799,1.206,,,
16.48998645,9.193666454,1.207,,,
16.50405137,9.195646372,1.208,,,
16.51811555,9.197615548,1.209,,,
16.53217898,9.199573981,1.21,,,
16.54624167,9.201521666,1.211,,,
16.5603036,9.203458599,1.212,,,
16.57436478,9.205384778,1.213,,,
16.5884252,9.207300198,1.214,,,
16.60248486,9.209204857,1.215,,,
16.61654375,9.21109875,1.216,,,
16.63060187,9.212981874,1.217,,,
16.64465923,9.214854225,1.218,,,
16.6587158,9.2167158,1.219,,,
16.6727716,9.218566596,1.22,,,
16.68682661,9.220406609,1.221,,,
16.70088083,9.222235835,1.222,,,
16.71493427,9.224054271,1.223,,,
16.72898691,9.225861913,1.224,,,
16.74303876,9.227658758,1.225,,,
16.7570898,9.229444802,1.226,,,
16.77114004,9.231220042,1.227,,,
16.78518947,9.232984473,1.228,,,
16.79923809,9.234738094,1.229,,,
16.8132859,9.236480899,1.23,,,
16.82733289,9.238212887,1.231,,,
16.84137905,9.239934052,1.232,,,
16.85542439,9.241644391,1.233,,,
16.8694689,9.243343901,1.234,,,
16.88351258,9.245032579,1.235,,,
16.89755542,9.246710421,1.236,,,
16.91159742,9.248377423,1.237,,,
16.92563858,9.250033581,1.238,,,
16.93967889,9.251678893,1.239,,,
16.95371836,9.253313355,1.24,,,
16.96775696,9.254936963,1.241,,,
16.98179471,9.256549713,1.242,,,
16.9958316,9.258151603,1.243,,,
17.00986763,9.259742628,1.244,,,
17.02390279,9.261322785,1.245,,,
17.03793707,9.262892071,1.246,,,
17.05197048,9.264450481,1.247,,,
17.06600301,9.265998013,1.248,,,
17.08003466,9.267534663,1.249,,,
17.09406543,9.269060428,1.25,,,
17.1080953,9.270575303,1.251,,,
17.12212428,9.272079285,1.252,,,
17.13615237,9.273572371,1.253,,,
17.15017956,9.275054557,1.254,,,
17.16420584,9.27652584,1.255,,,
17.17823122,9.277986216,1.256,,,
17.19225568,9.279435682,1.257,,,
17.20627923,9.280874234,1.258,,,
17.22030187,9.282301868,1.259,,,
17.23432358,9.283718581,1.26,,,
17.24834437,9.28512437,1.261,,,
17.26236423,9.286519231,1.262,,,
17.27638316,9.28790316,1.263,,,
17.29040115,9.289276154,1.264,,,
17.30441821,9.290638209,1.265,,,
17.31843432,9.291989322,1.266,,,
17.33244949,9.293329489,1.267,,,
17.34646371,9.294658707,1.268,,,
17.36047697,9.295976972,1.269,,,
17.37448928,9.297284281,1.27,,,
17.38850063,9.29858063,1.271,,,
17.40251102,9.299866015,1.272,,,
17.41652043,9.301140434,1.273,,,
17.43052888,9.302403882,1.274,,,
17.44453636,9.303656356,1.275,,,
17.45854285,9.304897852,1.276,,,
17.47254837,9.306128367,1.277,,,
17.4865529,9.307347898,1.278,,,
17.50055644,9.30855644,1.279,,,
17.51455899,9.309753991,1.28,,,
17.52856055,9.310940546,1.281,,,
17.5425611,9.312116103,1.282,,,
17.55656066,9.313280657,1.283,,,
17.57055921,9.314434206,1.284,,,
17.58455674,9.315576745,1.285,,,
17.59855327,9.316708271,1.286,,,
17.61254878,9.31782878,1.287,,,
17.62654327,9.31893827,1.288,,,
17.64053674,9.320036736,1.289,,,
17.65452918,9.321124175,1.29,,,
17.66852058,9.322200584,1.291,,,
17.68251096,9.323265958,1.292,,,
17.69650029,9.324320295,1.293,,,
17.71048859,9.32536359,1.294,,,
17.72447584,9.326395841,1.295,,,
17.73846204,9.327417043,1.296,,,
17.75244719,9.328427194,1.297,,,
17.76643129,9.329426289,1.298,,,
17.78041433,9.330414325,1.299,,,
17.7943963,9.331391299,1.3,,,
17.80837721,9.332357207,1.301,,,
17.82235705,9.333312045,1.302,,,
17.83633581,9.334255811,1.303,,,
17.8503135,9.3351885,1.304,,,
17.86429011,9.336110108,1.305,,,
17.87826563,9.337020633,1.306,,,
17.89224007,9.337920071,1.307,,,
17.90621342,9.338808418,1.308,,,
17.92018567,9.339685671,1.309,,,
17.93415683,9.340551826,1.31,,,
17.94812688,9.34140688,1.311,,,
17.96209583,9.342250829,1.312,,,
17.97606367,9.34308367,1.313,,,
17.9900304,9.343905399,1.314,,,
18.00399601,9.344716012,1.315,,,
18.01796051,9.345515506,1.316,,,
18.03192388,9.346303878,1.317,,,
18.04588612,9.347081123,1.318,,,
18.05984724,9.347847239,1.319,,,
18.07380722,9.348602222,1.32,,,
18.08776607,9.349346068,1.321,,,
18.10172377,9.350078774,1.322,,,
18.11568034,9.350800336,1.323,,,
18.12963575,9.351510751,1.324,,,
18.14359002,9.352210015,1.325,,,
18.15754313,9.352898125,1.326,,,
18.17149508,9.353575077,1.327,,,
18.18544587,9.354240868,1.328,,,
18.19939549,9.354895493,1.329,,,
18.21334395,9.35553895,1.33,,,
18.22729124,9.356171235,1.331,,,
18.24123734,9.356792345,1.332,,,
18.25518227,9.357402275,1.333,,,
18.26912602,9.358001023,1.334,,,
18.28306858,9.358588584,1.335,,,
18.29700996,9.359164956,1.336,,,
18.31095013,9.359730134,1.337,,,
18.32488912,9.360284116,1.338,,,
18.3388269,9.360826898,1.339,,,
18.35276348,9.361358475,1.34,,,
18.36669885,9.361878846,1.341,,,
18.380633,9.362388005,1.342,,,
18.39456595,9.36288595,1.343,,,
18.40849768,9.363372677,1.344,,,
18.42242818,9.363848182,1.345,,,
18.43635746,9.364312462,1.346,,,
18.45028551,9.364765514,1.347,,,
18.46421233,9.365207333,1.348,,,
18.47813792,9.365637917,1.349,,,
18.49206226,9.366057262,1.35,,,
18.50598536,9.366465364,1.351,,,
18.51990722,9.36686222,1.352,,,
18.53382783,9.367247825,1.353,,,
18.54774718,9.367622178,1.354,,,
18.56166527,9.367985273,1.355,,,
18.57558211,9.368337109,1.356,,,
18.58949768,9.36867768,1.357,,,
18.60341198,9.369006984,1.358,,,
18.61732502,9.369325016,1.359,,,
18.63123677,9.369631775,1.36,,,
18.64514725,9.369927255,1.361,,,
18.65905645,9.370211453,1.362,,,
18.67296437,9.370484366,1.363,,,
18.68687099,9.370745991,1.364,,,
18.70077632,9.370996323,1.365,,,
18.71468036,9.37123536,1.366,,,
18.7285831,9.371463097,1.367,,,
18.74248453,9.371679532,1.368,,,
18.75638466,9.37188466,1.369,,,
18.77028348,9.372078478,1.37,,,
18.78418098,9.372260982,1.371,,,
18.79807717,9.37243217,1.372,,,
18.81197204,9.372592037,1.373,,,
18.82586558,9.37274058,1.374,,,
18.8397578,9.372877796,1.375,,,
18.85364868,9.37300368,1.376,,,
18.86753823,9.37311823,1.377,,,
18.88142644,9.373221441,1.378,,,
18.89531331,9.373313311,1.379,,,
18.90919884,9.373393836,1.38,,,
18.92308301,9.373463011,1.381,,,
18.93696583,9.373520835,1.382,,,
18.9508473,9.373567302,1.383,,,
18.96472741,9.37360241,1.384,,,
18.97860616,9.373626155,1.385,,,
18.99248353,9.373638534,1.386,,,
19.00635954,9.373639543,1.387,,,
19.02023418,9.373629178,1.388,,,
19.03410744,9.373607436,1.389,,,
19.04797931,9.373574313,1.39,,,
19.06184981,9.373529806,1.391,,,
19.07571891,9.373473912,1.392,,,
19.08958663,9.373406626,1.393,,,
19.10345295,9.373327946,1.394,,,
19.11731787,9.373237867,1.395,,,
19.13118139,9.373136386,1.396,,,
19.1450435,9.3730235,1.397,,,
19.15890421,9.372899205,1.398,,,
19.1727635,9.372763498,1.399,,,
19.18662137,9.372616374,1.4,,,
19.20047783,9.372457831,1.401,,,
19.21433287,9.372287866,1.402,,,
19.22818647,9.372106473,1.403,,,
19.24203865,9.37191365,1.404,,,
19.25588939,9.371709394,1.405,,,
19.2697387,9.371493701,1.406,,,
19.28358657,9.371266566,1.407,,,
19.29743299,9.371027988,1.408,,,
19.31127796,9.370777962,1.409,,,
19.32512148,9.370516484,1.41,,,
19.33896355,9.370243551,1.411,,,
19.35280416,9.369959161,1.412,,,
19.36664331,9.369663308,1.413,,,
19.38048099,9.369355989,1.414,,,
19.3943172,9.369037202,1.415,,,
19.40815194,9.368706942,1.416,,,
19.42198521,9.368365206,1.417,,,
19.43581699,9.36801199,1.418,,,
19.44964729,9.367647292,1.419,,,
19.46347611,9.367271106,1.42,,,
19.47730343,9.366883431,1.421,,,
19.49112926,9.366484261,1.422,,,
19.50495359,9.366073594,1.423,,,
19.51877643,9.365651427,1.424,,,
19.53259775,9.365217755,1.425,,,
19.54641758,9.364772575,1.426,,,
19.56023588,9.364315884,1.427,,,
19.57405268,9.363847677,1.428,,,
19.58786795,9.363367953,1.429,,,
19.60168171,9.362876706,1.43,,,
19.61549393,9.362373933,1.431,,,
19.62930463,9.361859632,1.432,,,
19.6431138,9.361333798,1.433,,,
19.65692143,9.360796427,1.434,,,
19.67072752,9.360247517,1.435,,,
19.68453206,9.359687064,1.436,,,
19.69833506,9.359115064,1.437,,,
19.71213651,9.358531513,1.438,,,
19.72593641,9.357936409,1.439,,,
19.73973475,9.357329747,1.44,,,
19.75353152,9.356711524,1.441,,,
19.76732674,9.356081737,1.442,,,
19.78112038,9.355440382,1.443,,,
19.79491246,9.354787455,1.444,,,
19.80870295,9.354122954,1.445,,,
19.82249187,9.353446873,1.446,,,
19.83627921,9.352759211,1.447,,,
19.85006496,9.352059962,1.448,,,
19.86384912,9.351349125,1.449,,,
19.87763169,9.350626695,1.45,,,
19.89141267,9.349892668,1.451,,,
19.90519204,9.349147042,1.452,,,
19.91896981,9.348389812,1.453,,,
19.93274598,9.347620975,1.454,,,
19.94652053,9.346840528,1.455,,,
19.96029347,9.346048467,1.456,,,
19.97406479,9.345244789,1.457,,,
19.98783449,9.344429489,1.458,,,
20.00160257,9.343602565,1.459,,,
20.01536901,9.342764013,1.46,,,
20.02913383,9.341913829,1.461,,,
20.04289701,9.34105201,1.462,,,
20.05665855,9.340178552,1.463,,,
20.07041845,9.339293452,1.464,,,
20.08417671,9.338396706,1.465,,,
20.09793331,9.337488311,1.466,,,
20.11168826,9.336568263,1.467,,,
20.12544156,9.335636558,1.468,,,
20.13919319,9.334693194,1.469,,,
20.15294317,9.333738166,1.47,,,
20.16669147,9.332771471,1.471,,,
20.18043811,9.331793106,1.472,,,
20.19418307,9.330803066,1.473,,,
20.20792635,9.329801349,1.474,,,
20.22166795,9.328787951,1.475,,,
20.23540787,9.327762868,1.476,,,
20.2491461,9.326726097,1.477,,,
20.26288263,9.325677634,1.478,,,
20.27661748,9.324617476,1.479,,,
20.29035062,9.323545619,1.48,,,
20.30408206,9.322462059,1.481,,,
20.31781179,9.321366794,1.482,,,
20.33153982,9.32025982,1.483,,,
20.34526613,9.319141132,1.484,,,
20.35899073,9.318010728,1.485,,,
20.3727136,9.316868604,1.486,,,
20.38643476,9.315714756,1.487,,,
20.40015418,9.314549181,1.488,,,
20.41387188,9.313371875,1.489,,,
20.42758784,9.312182836,1.49,,,
20.44130206,9.310982058,1.491,,,
20.45501454,9.30976954,1.492,,,
20.46872528,9.308545276,1.493,,,
20.48243426,9.307309264,1.494,,,
20.4961415,9.306061501,1.495,,,
20.50984698,9.304801982,1.496,,,
20.5235507,9.303530704,1.497,,,
20.53725266,9.302247663,1.498,,,
20.55095286,9.300952857,1.499,,,
20.56465128,9.299646281,1.5,,,
20.57834793,9.298327932,1.501,,,
20.59204281,9.296997806,1.502,,,
20.6057359,9.295655901,1.503,,,
20.61942721,9.294302211,1.504,,,
20.63311673,9.292936735,1.505,,,
20.64680447,9.291559467,1.506,,,
20.66049041,9.290170405,1.507,,,
20.67417455,9.288769546,1.508,,,
20.68785689,9.287356885,1.509,,,
20.70153742,9.285932419,1.51,,,
20.71521615,9.284496145,1.511,,,
20.72889306,9.283048059,1.512,,,
20.74256816,9.281588157,1.513,,,
20.75624144,9.280116437,1.514,,,
20.76991289,9.278632894,1.515,,,
20.78358252,9.277137524,1.516,,,
20.79725033,9.275630325,1.517,,,
20.81091629,9.274111293,1.518,,,
20.82458042,9.272580424,1.519,,,
20.83824272,9.271037715,1.52,,,
20.85190316,9.269483162,1.521,,,
20.86556176,9.267916762,1.522,,,
20.87921851,9.266338511,1.523,,,
20.89287341,9.264748406,1.524,,,
20.90652644,9.263146442,1.525,,,
20.92017762,9.261532617,1.526,,,
20.93382693,9.259906928,1.527,,,
20.94747437,9.258269369,1.528,,,
20.96111994,9.256619939,1.529,,,
20.97476363,9.254958633,1.53,,,
20.98840545,9.253285448,1.531,,,
21.00204538,9.25160038,1.532,,,
21.01568343,9.249903426,1.533,,,
21.02931958,9.248194582,1.534,,,
21.04295385,9.246473845,1.535,,,
21.05658621,9.244741211,1.536,,,
21.07021668,9.242996677,1.537,,,
21.08384524,9.241240239,1.538,,,
21.09747189,9.239471893,1.539,,,
21.11109664,9.237691637,1.54,,,
21.12471947,9.235899466,1.541,,,
21.13834038,9.234095377,1.542,,,
21.15195937,9.232279366,1.543,,,
21.16557643,9.230451431,1.544,,,
21.17919157,9.228611566,1.545,,,
21.19280477,9.22675977,1.546,,,
21.20641604,9.224896038,1.547,,,
21.22002537,9.223020366,1.548,,,
21.23363275,9.221132752,1.549,,,
21.24723819,9.219233192,1.55,,,
21.26084168,9.217321681,1.551,,,
21.27444322,9.215398218,1.552,,,
21.2880428,9.213462797,1.553,,,
21.30164042,9.211515416,1.554,,,
21.31523607,9.209556071,1.555,,,
21.32882976,9.207584758,1.556,,,
21.34242147,9.205601475,1.557,,,
21.35601122,9.203606216,1.558,,,
21.36959898,9.20159898,1.559,,,
21.38318476,9.199579762,1.56,,,
21.39676856,9.197548559,1.561,,,
21.41035037,9.195505367,1.562,,,
21.42393018,9.193450182,1.563,,,
21.437508,9.191383002,1.564,,,
21.45108382,9.189303823,1.565,,,
21.46465764,9.187212641,1.566,,,
21.47822945,9.185109452,1.567,,,
21.49179925,9.182994253,1.568,,,
21.50536704,9.180867041,1.569,,,
21.51893281,9.178727812,1.57,,,
21.53249656,9.176576562,1.571,,,
21.54605829,9.174413288,1.572,,,
21.55961799,9.172237987,1.573,,,
21.57317565,9.170050654,1.574,,,
21.58673129,9.167851287,1.575,,,
21.60028488,9.165639881,1.576,,,
21.61383643,9.163416434,1.577,,,
21.62738594,9.161180941,1.578,,,
21.6409334,9.1589334,1.579,,,
21.65447881,9.156673806,1.58,,,
21.66802216,9.154402156,1.581,,,
21.68156345,9.152118447,1.582,,,
21.69510267,9.149822675,1.583,,,
21.70863984,9.147514836,1.584,,,
21.72217493,9.145194927,1.585,,,
21.73570795,9.142862945,1.586,,,
21.74923889,9.140518886,1.587,,,
21.76276775,9.138162745,1.588,,,
21.77629452,9.135794521,1.589,,,
21.78981921,9.133414209,1.59,,,
21.80334181,9.131021806,1.591,,,
21.81686231,9.128617308,1.592,,,
21.83038071,9.126200711,1.593,,,
21.84389701,9.123772013,1.594,,,
21.85741121,9.121331209,1.595,,,
21.8709233,9.118878296,1.596,,,
21.88443327,9.116413271,1.597,,,
21.89794113,9.11393613,1.598,,,
21.91144687,9.111446869,1.599,,,
21.92495049,9.108945485,1.6,,,
21.93845197,9.106431975,1.601,,,
21.95195133,9.103906334,1.602,,,
21.96544856,9.10136856,1.603,,,
21.97894365,9.098818648,1.604,,,
21.9924366,9.096256596,1.605,,,
22.0059274,9.093682399,1.606,,,
22.01941605,9.091096055,1.607,,,
22.03290256,9.088497559,1.608,,,
22.04638691,9.085886908,1.609,,,
22.0598691,9.083264099,1.61,,,
22.07334913,9.080629128,1.611,,,
22.08682699,9.077981991,1.612,,,
22.10030269,9.075322685,1.613,,,
22.11377621,9.072651207,1.614,,,
22.12724755,9.069967552,1.615,,,
22.14071672,9.067271718,1.616,,,
22.1541837,9.064563701,1.617,,,
22.1676485,9.061843497,1.618,,,
22.1811111,9.059111103,1.619,,,
22.19457151,9.056366515,1.62,,,
22.20802973,9.053609729,1.621,,,
22.22148574,9.050840743,1.622,,,
22.23493955,9.048059552,1.623,,,
22.24839115,9.045266154,1.624,,,
22.26184054,9.042460543,1.625,,,
22.27528772,9.039642718,1.626,,,
22.28873267,9.036812675,1.627,,,
22.30217541,9.033970409,1.628,,,
22.31561592,9.031115918,1.629,,,
22.3290542,9.028249197,1.63,,,
22.34249024,9.025370244,1.631,,,
22.35592405,9.022479054,1.632,,,
22.36935563,9.019575625,1.633,,,
22.38278495,9.016659953,1.634,,,
22.39621203,9.013732033,1.635,,,
22.40963686,9.010791864,1.636,,,
22.42305944,9.00783944,1.637,,,
22.43647976,9.004874759,1.638,,,
22.44989782,9.001897817,1.639,,,
22.46331361,8.99890861,1.64,,,
22.47672714,8.995907136,1.641,,,
22.49013839,8.99289339,1.642,,,
22.50354737,8.989867368,1.643,,,
22.51695407,8.986829069,1.644,,,
22.53035849,8.983778486,1.645,,,
22.54376062,8.980715619,1.646,,,
22.55716046,8.977640462,1.647,,,
22.57055801,8.974553012,1.648,,,
22.58395327,8.971453265,1.649,,,
22.59734622,8.968341219,1.65,,,
22.61073687,8.96521687,1.651,,,
22.62412521,8.962080213,1.652,,,
22.63751125,8.958931247,1.653,,,
22.65089497,8.955769966,1.654,,,
22.66427637,8.952596367,1.655,,,
22.67765545,8.949410448,1.656,,,
22.6910322,8.946212204,1.657,,,
22.70440663,8.943001631,1.658,,,
22.71777873,8.939778727,1.659,,,
22.73114849,8.936543488,1.66,,,
22.74451591,8.93329591,1.661,,,
22.75788099,8.93003599,1.662,,,
22.77124372,8.926763724,1.663,,,
22.78460411,8.923479109,1.664,,,
22.79796214,8.92018214,1.665,,,
22.81131782,8.916872816,1.666,,,
22.82467113,8.913551131,1.667,,,
22.83802208,8.910217083,1.668,,,
22.85137067,8.906870667,1.669,,,
22.86471688,8.903511882,1.67,,,
22.87806072,8.900140722,1.671,,,
22.89140218,8.896757184,1.672,,,
22.90474127,8.893361265,1.673,,,
22.91807796,8.889952962,1.674,,,
22.93141227,8.88653227,1.675,,,
22.94474419,8.883099187,1.676,,,
22.95807371,8.879653708,1.677,,,
22.97140083,8.87619583,1.678,,,
22.98472555,8.87272555,1.679,,,
22.99804786,8.869242864,1.68,,,
23.01136777,8.865747768,1.681,,,
23.02468526,8.86224026,1.682,,,
23.03800033,8.858720335,1.683,,,
23.05131299,8.85518799,1.684,,,
23.06462322,8.851643221,1.685,,,
23.07793103,8.848086025,1.686,,,
23.0912364,8.844516398,1.687,,,
23.10453934,8.840934338,1.688,,,
23.11783984,8.837339839,1.689,,,
23.1311379,8.833732899,1.69,,,
23.14443351,8.830113515,1.691,,,
23.15772668,8.826481682,1.692,,,
23.1710174,8.822837397,1.693,,,
23.18430566,8.819180657,1.694,,,
23.19759146,8.815511457,1.695,,,
23.2108748,8.811829796,1.696,,,
23.22415567,8.808135668,1.697,,,
23.23743407,8.80442907,1.698,,,
23.25071,8.80071,1.699,,,
23.26398345,8.796978453,1.7,,,
23.27725443,8.793234425,1.701,,,
23.29052291,8.789477914,1.702,,,
23.30378892,8.785708916,1.703,,,
23.31705243,8.781927427,1.704,,,
23.33031344,8.778133444,1.705,,,
23.34357196,8.774326963,1.706,,,
23.35682798,8.77050798,1.707,,,
23.37008149,8.766676492,1.708,,,
23.3833325,8.762832496,1.709,,,
23.39658099,8.758975988,1.71,,,
23.40982696,8.755106965,1.711,,,
23.42307042,8.751225422,1.712,,,
23.43631136,8.747331357,1.713,,,
23.44954977,8.743424766,1.714,,,
23.46278564,8.739505645,1.715,,,
23.47601899,8.735573991,1.716,,,
23.4892498,8.7316298,1.717,,,
23.50247807,8.727673068,1.718,,,
23.51570379,8.723703793,1.719,,,
23.52892697,8.719721971,1.72,,,
23.5421476,8.715727598,1.721,,,
23.55536567,8.71172067,1.722,,,
23.56858118,8.707701184,1.723,,,
23.58179414,8.703669137,1.724,,,
23.59500452,8.699624525,1.725,,,
23.60821234,8.695567344,1.726,,,
23.62141759,8.691497591,1.727,,,
23.63462026,8.687415263,1.728,,,
23.64782036,8.683320355,1.729,,,
23.66101786,8.679212865,1.73,,,
23.67421279,8.675092788,1.731,,,
23.68740512,8.670960122,1.732,,,
23.70059486,8.666814862,1.733,,,
23.71378201,8.662657005,1.734,,,
23.72696655,8.658486548,1.735,,,
23.74014849,8.654303487,1.736,,,
23.75332782,8.650107819,1.737,,,
23.76650454,8.64589954,1.738,,,
23.77967865,8.641678646,1.739,,,
23.79285013,8.637445134,1.74,,,
23.806019,8.633199001,1.741,,,
23.81918524,8.628940242,1.742,,,
23.83234885,8.624668855,1.743,,,
23.84550984,8.620384835,1.744,,,
23.85866818,8.61608818,1.745,,,
23.87182389,8.611778885,1.746,,,
23.88497695,8.607456948,1.747,,,
23.89812736,8.603122364,1.748,,,
23.91127513,8.598775131,1.749,,,
23.92442024,8.594415244,1.75,,,
23.9375627,8.5900427,1.751,,,
23.9507025,8.585657495,1.752,,,
23.96383963,8.581259627,1.753,,,
23.97697409,8.576849091,1.754,,,
23.99010588,8.572425884,1.755,,,
24.003235,8.567990002,1.756,,,
24.01636144,8.563541442,1.757,,,
24.0294852,8.5590802,1.758,,,
24.04260627,8.554606273,1.759,,,
24.05572466,8.550119658,1.76,,,
24.06884035,8.54562035,1.761,,,
24.08195335,8.541108346,1.762,,,
24.09506364,8.536583643,1.763,,,
24.10817124,8.532046237,1.764,,,
24.12127612,8.527496124,1.765,,,
24.1343783,8.522933302,1.766,,,
24.14747777,8.518357766,1.767,,,
24.16057451,8.513769513,1.768,,,
24.17366854,8.509168539,1.769,,,
24.18675984,8.504554841,1.77,,,
24.19984842,8.499928416,1.771,,,
24.21293426,8.495289259,1.772,,,
24.22601737,8.490637367,1.773,,,
24.23909774,8.485972738,1.774,,,
24.25217537,8.481295366,1.775,,,
24.26525025,8.476605249,1.776,,,
24.27832238,8.471902384,1.777,,,
24.29139177,8.467186766,1.778,,,
24.30445839,8.462458391,1.779,,,
24.31752226,8.457717258,1.78,,,
24.33058336,8.452963361,1.781,,,
24.3436417,8.448196698,1.782,,,
24.35669726,8.443417265,1.783,,,
24.36975006,8.438625058,1.784,,,
24.38280007,8.433820074,1.785,,,
24.39584731,8.429002309,1.786,,,
24.40889176,8.42417176,1.787,,,
24.42193342,8.419328424,1.788,,,
24.4349723,8.414472296,1.789,,,
24.44800837,8.409603373,1.79,,,
24.46104165,8.404721652,1.791,,,
24.47407213,8.399827128,1.792,,,
24.4870998,8.3949198,1.793,,,
24.50012466,8.389999662,1.794,,,
24.51314671,8.385066712,1.795,,,
24.52616595,8.380120946,1.796,,,
24.53918236,8.37516236,1.797,,,
24.55219595,8.370190951,1.798,,,
24.56520672,8.365206716,1.799,,,
24.57821465,8.36020965,1.8,,,
24.59121975,8.355199751,1.801,,,
24.60422201,8.350177014,1.802,,,
24.61722144,8.345141436,1.803,,,
24.63021801,8.340093015,1.804,,,
24.64321174,8.335031745,1.805,,,
24.65620262,8.329957624,1.806,,,
24.66919065,8.324870648,1.807,,,
24.68217581,8.319770813,1.808,,,
24.69515812,8.314658117,1.809,,,
24.70813755,8.309532554,1.81,,,
24.72111412,8.304394123,1.811,,,
24.73408782,8.299242819,1.812,,,
24.74705864,8.294078639,1.813,,,
24.76002658,8.28890158,1.814,,,
24.77299164,8.283711637,1.815,,,
24.78595381,8.278508807,1.816,,,
24.79891309,8.273293087,1.817,,,
24.81186947,8.268064473,1.818,,,
24.82482296,8.262822962,1.819,,,
24.83777355,8.25756855,1.82,,,
24.85072123,8.252301234,1.821,,,
24.86366601,8.247021009,1.822,,,
24.87660787,8.241727873,1.823,,,
24.88954682,8.236421822,1.824,,,
24.90248285,8.231102852,1.825,,,
24.91541596,8.225770961,1.826,,,
24.92834614,8.220426143,1.827,,,
24.9412734,8.215068397,1.828,,,
24.95419772,8.209697717,1.829,,,
24.9671191,8.204314102,1.83,,,
24.98003755,8.198917546,1.831,,,
24.99295305,8.193508048,1.832,,,
25.0058656,8.188085602,1.833,,,
25.01877521,8.182650206,1.834,,,
25.03168186,8.177201856,1.835,,,
25.04458555,8.171740549,1.836,,,
25.05748628,8.16626628,1.837,,,
25.07038405,8.160779047,1.838,,,
25.08327885,8.155278846,1.839,,,
25.09617067,8.149765674,1.84,,,
25.10905953,8.144239526,1.841,,,
25.1219454,8.138700399,1.842,,,
25.13482829,8.133148291,1.843,,,
25.1477082,8.127583196,1.844,,,
25.16058511,8.122005112,1.845,,,
25.17345904,8.116414036,1.846,,,
25.18632996,8.110809963,1.847,,,
25.19919789,8.10519289,1.848,,,
25.21206281,8.099562814,1.849,,,
25.22492473,8.093919731,1.85,,,
25.23778364,8.088263637,1.851,,,
25.25063953,8.082594529,1.852,,,
25.2634924,8.076912404,1.853,,,
25.27634226,8.071217257,1.854,,,
25.28918909,8.065509086,1.855,,,
25.30203289,8.059787887,1.856,,,
25.31487366,8.054053655,1.857,,,
25.32771139,8.048306389,1.858,,,
25.34054608,8.042546084,1.859,,,
25.35337774,8.036772737,1.86,,,
25.36620634,8.030986343,1.861,,,
25.3790319,8.025186901,1.862,,,
25.3918544,8.019374405,1.863,,,
25.40467385,8.013548853,1.864,,,
25.41749024,8.007710241,1.865,,,
25.43030357,8.001858565,1.866,,,
25.44311382,7.995993822,1.867,,,
25.45592101,7.990116009,1.868,,,
25.46872512,7.984225122,1.869,,,
25.48152616,7.978321156,1.87,,,
25.49432411,7.97240411,1.871,,,
25.50711898,7.966473979,1.872,,,
25.51991076,7.96053076,1.873,,,
25.53269945,7.954574448,1.874,,,
25.54548504,7.948605042,1.875,,,
25.55826754,7.942622536,1.876,,,
25.57104693,7.936626928,1.877,,,
25.58382321,7.930618214,1.878,,,
25.59659639,7.924596391,1.879,,,
25.60936645,7.918561455,1.88,,,
25.6221334,7.912513401,1.881,,,
25.63489723,7.906452228,1.882,,,
25.64765793,7.900377932,1.883,,,
25.66041551,7.894290508,1.884,,,
25.67316995,7.888189953,1.885,,,
25.68592126,7.882076264,1.886,,,
25.69866944,7.875949437,1.887,,,
25.71141447,7.869809469,1.888,,,
25.72415636,7.863656357,1.889,,,
25.7368951,7.857490095,1.89,,,
25.74963068,7.851310682,1.891,,,
25.76236311,7.845118113,1.892,,,
25.77509239,7.838912386,1.893,,,
25.7878185,7.832693496,1.894,,,
25.80054144,7.826461439,1.895,,,
25.81326121,7.820216213,1.896,,,
25.82597781,7.813957814,1.897,,,
25.83869124,7.807686239,1.898,,,
25.85140148,7.801401483,1.899,,,
25.86410854,7.795103543,1.9,,,
25.87681242,7.788792416,1.901,,,
25.8895131,7.782468098,1.902,,,
25.90221059,7.776130586,1.903,,,
25.91490488,7.769779876,1.904,,,
25.92759596,7.763415965,1.905,,,
25.94028385,7.757038849,1.906,,,
25.95296852,7.750648524,1.907,,,
25.96564999,7.744244987,1.908,,,
25.97832823,7.737828234,1.909,,,
25.99100326,7.731398263,1.91,,,
26.00367507,7.724955068,1.911,,,
26.01634365,7.718498648,1.912,,,
26.029009,7.712028998,1.913,,,
26.04167111,7.705546115,1.914,,,
26.05432999,7.699049994,1.915,,,
26.06698563,7.692540634,1.916,,,
26.07963803,7.68601803,1.917,,,
26.09228718,7.679482178,1.918,,,
26.10493308,7.672933075,1.919,,,
26.11757572,7.666370718,1.92,,,
26.1302151,7.659795103,1.921,,,
26.14285123,7.653206227,1.922,,,
26.15548408,7.646604085,1.923,,,
26.16811367,7.639988675,1.924,,,
26.18073999,7.633359992,1.925,,,
26.19336303,7.626718034,1.926,,,
26.2059828,7.620062797,1.927,,,
26.21859928,7.613394277,1.928,,,
26.23121247,7.606712471,1.929,,,
26.24382237,7.600017374,1.93,,,
26.25642898,7.593308985,1.931,,,
26.2690323,7.586587299,1.932,,,
26.28163231,7.579852312,1.933,,,
26.29422902,7.573104021,1.934,,,
26.30682242,7.566342423,1.935,,,
26.31941251,7.559567514,1.936,,,
26.33199929,7.55277929,1.937,,,
26.34458275,7.545977748,1.938,,,
26.35716288,7.539162884,1.939,,,
26.3697397,7.532334696,1.94,,,
26.38231318,7.525493178,1.941,,,
26.39488333,7.518638328,1.942,,,
26.40745014,7.511770143,1.943,,,
26.42001362,7.504888618,1.944,,,
26.43257375,7.497993751,1.945,,,
26.44513054,7.491085537,1.946,,,
26.45768397,7.484163973,1.947,,,
26.47023406,7.477229055,1.948,,,
26.48278078,7.470280781,1.949,,,
26.49532415,7.463319146,1.95,,,
26.50786415,7.456344147,1.951,,,
26.52040078,7.449355781,1.952,,,
26.53293404,7.442354043,1.953,,,
26.54546393,7.435338931,1.954,,,
26.55799044,7.42831044,1.955,,,
26.57051357,7.421268568,1.956,,,
26.58303331,7.41421331,1.957,,,
26.59554966,7.407144664,1.958,,,
26.60806263,7.400062625,1.959,,,
26.62057219,7.392967191,1.96,,,
26.63307836,7.385858357,1.961,,,
26.64558112,7.37873612,1.962,,,
26.65808048,7.371600476,1.963,,,
26.67057642,7.364451423,1.964,,,
26.68306896,7.357288956,1.965,,,
26.69555807,7.350113072,1.966,,,
26.70804377,7.342923767,1.967,,,
26.72052604,7.335721038,1.968,,,
26.73300488,7.328504882,1.969,,,
26.74548029,7.321275294,1.97,,,
26.75795227,7.314032271,1.971,,,
26.77042081,7.30677581,1.972,,,
26.78288591,7.299505908,1.973,,,
26.79534756,7.292222559,1.974,,,
26.80780576,7.284925762,1.975,,,
26.82026051,7.277615513,1.976,,,
26.83271181,7.270291807,1.977,,,
26.84515964,7.262954642,1.978,,,
26.85760401,7.255604014,1.979,,,
26.87004492,7.24823992,1.98,,,
26.88248235,7.240862355,1.981,,,
26.89491632,7.233471317,1.982,,,
26.9073468,7.226066801,1.983,,,
26.9197738,7.218648805,1.984,,,
26.93219732,7.211217324,1.985,,,
26.94461736,7.203772355,1.986,,,
26.9570339,7.196313896,1.987,,,
26.96944694,7.188841941,1.988,,,
26.98185649,7.181356488,1.989,,,
26.99426253,7.173857533,1.99,,,
27.00666507,7.166345073,1.991,,,
27.0190641,7.158819103,1.992,,,
27.03145962,7.151279621,1.993,,,
27.04385162,7.143726623,1.994,,,
27.05624011,7.136160105,1.995,,,
27.06862506,7.128580064,1.996,,,
27.0810065,7.120986496,1.997,,,
27.0933844,7.113379399,1.998,,,
27.10575877,7.105758767,1.999,,,
27.1181296,7.098124598,2,,,
27.13049689,7.090476888,2.001,,,
27.14286063,7.082815634,2.002,,,
27.15522083,7.075140832,2.003,,,
27.16757748,7.067452479,2.004,,,
27.17993057,7.05975057,2.005,,,
27.1922801,7.052035103,2.006,,,
27.20462607,7.044306074,2.007,,,
27.21696848,7.03656348,2.008,,,
27.22930732,7.028807316,2.009,,,
27.24164258,7.021037579,2.01,,,
27.25397427,7.013254267,2.011,,,
27.26630237,7.005457374,2.012,,,
27.2786269,6.997646899,2.013,,,
27.29094784,6.989822837,2.014,,,
27.30326518,6.981985184,2.015,,,
27.31557894,6.974133937,2.016,,,
27.32788909,6.966269093,2.017,,,
27.34019565,6.958390648,2.018,,,
27.3524986,6.950498599,2.019,,,
27.36479794,6.942592941,2.02,,,
27.37709367,6.934673672,2.021,,,
27.38938579,6.926740788,2.022,,,
27.40167429,6.918794286,2.023,,,
27.41395916,6.910834161,2.024,,,
27.42624041,6.90286041,2.025,,,
27.43851803,6.894873031,2.026,,,
27.45079202,6.886872018,2.027,,,
27.46306237,6.878857369,2.028,,,
27.47532908,6.870829081,2.029,,,
27.48759215,6.862787149,2.03,,,
27.49985157,6.85473157,2.031,,,
27.51210734,6.846662341,2.032,,,
27.52435946,6.838579457,2.033,,,
27.53660792,6.830482916,2.034,,,
27.54885271,6.822372715,2.035,,,
27.56109385,6.814248848,2.036,,,
27.57333131,6.806111313,2.037,,,
27.58556511,6.797960107,2.038,,,
27.59779523,6.789795226,2.039,,,
27.61002167,6.781616666,2.04,,,
27.62224442,6.773424423,2.041,,,
27.6344635,6.765218495,2.042,,,
27.64667888,6.756998878,2.043,,,
27.65889057,6.748765567,2.044,,,
27.67109856,6.74051856,2.045,,,
27.68330285,6.732257854,2.046,,,
27.69550344,6.723983444,2.047,,,
27.70770033,6.715695326,2.048,,,
27.7198935,6.707393499,2.049,,,
27.73208296,6.699077957,2.05,,,
27.7442687,6.690748697,2.051,,,
27.75645072,6.682405717,2.052,,,
27.76862901,6.674049012,2.053,,,
27.78080358,6.665678578,2.054,,,
27.79297441,6.657294413,2.055,,,
27.80514151,6.648896512,2.056,,,
27.81730487,6.640484873,2.057,,,
27.82946449,6.632059491,2.058,,,
27.84162036,6.623620364,2.059,,,
27.85377249,6.615167487,2.06,,,
27.86592086,6.606700857,2.061,,,
27.87806547,6.59822047,2.062,,,
27.89020632,6.589726323,2.063,,,
27.90234341,6.581218413,2.064,,,
27.91447674,6.572696736,2.065,,,
27.92660629,6.564161288,2.066,,,
27.93873207,6.555612066,2.067,,,
27.95085407,6.547049066,2.068,,,
27.96297229,6.538472285,2.069,,,
27.97508672,6.529881719,2.07,,,
27.98719737,6.521277365,2.071,,,
27.99930422,6.512659219,2.072,,,
28.01140728,6.504027278,2.073,,,
28.02350654,6.495381537,2.074,,,
28.03560199,6.486721995,2.075,,,
28.04769365,6.478048646,2.076,,,
28.05978149,6.469361487,2.077,,,
28.07186552,6.460660516,2.078,,,
28.08394573,6.451945728,2.079,,,
28.09602212,6.44321712,2.08,,,
28.10809469,6.434474688,2.081,,,
28.12016343,6.425718429,2.082,,,
28.13222834,6.416948339,2.083,,,
28.14428941,6.408164415,2.084,,,
28.15634665,6.399366653,2.085,,,
28.16840005,6.39055505,2.086,,,
28.1804496,6.381729601,2.087,,,
28.1924953,6.372890305,2.088,,,
28.20453716,6.364037156,2.089,,,
28.21657515,6.355170152,2.09,,,
28.22860929,6.346289289,2.091,,,
28.24063956,6.337394563,2.092,,,
28.25266597,6.328485971,2.093,,,
28.26468851,6.31956351,2.094,,,
28.27670718,6.310627175,2.095,,,
28.28872196,6.301676964,2.096,,,
28.30073287,6.292712872,2.097,,,
28.3127399,6.283734897,2.098,,,
28.32474303,6.274743034,2.099,,,
28.33674228,6.265737281,2.1,,,
28.34873763,6.256717633,2.101,,,
28.36072909,6.247684087,2.102,,,
28.37271664,6.23863664,2.103,,,
28.38470029,6.229575287,2.104,,,
28.39668003,6.220500027,2.105,,,
28.40865585,6.211410854,2.106,,,
28.42062777,6.202307765,2.107,,,
28.43259576,6.193190758,2.108,,,
28.44455983,6.184059827,2.109,,,
28.45651997,6.174914971,2.11,,,
28.46847618,6.165756184,2.111,,,
28.48042846,6.156583465,2.112,,,
28.49237681,6.147396808,2.113,,,
28.50432121,6.138196212,2.114,,,
28.51626167,6.128981671,2.115,,,
28.52819818,6.119753183,2.116,,,
28.54013074,6.110510744,2.117,,,
28.55205935,6.10125435,2.118,,,
28.563984,6.091983999,2.119,,,
28.57590469,6.082699686,2.12,,,
28.58782141,6.073401408,2.121,,,
28.59973416,6.064089161,2.122,,,
28.61164294,6.054762942,2.123,,,
28.62354775,6.045422747,2.124,,,
28.63544857,6.036068573,2.125,,,
28.64734542,6.026700416,2.126,,,
28.65923827,6.017318273,2.127,,,
28.67112714,6.00792214,2.128,,,
28.68301201,5.998512014,2.129,,,
28.69489289,5.989087891,2.13,,,
28.70676977,5.979649767,2.131,,,
28.71864264,5.97019764,2.132,,,
28.7305115,5.960731504,2.133,,,
28.74237636,5.951251358,2.134,,,
28.7542372,5.941757197,2.135,,,
28.76609402,5.932249018,2.136,,,
28.77794682,5.922726818,2.137,,,
28.78979559,5.913190592,2.138,,,
28.80164034,5.903640337,2.139,,,
28.81348105,5.89407605,2.14,,,
28.82531773,5.884497728,2.141,,,
28.83715037,5.874905366,2.142,,,
28.84897896,5.865298961,2.143,,,
28.86080351,5.855678509,2.144,,,
28.87262401,5.846044008,2.145,,,
28.88444045,5.836395453,2.146,,,
28.89625284,5.826732841,2.147,,,
28.90806117,5.817056169,2.148,,,
28.91986543,5.807365433,2.149,,,
28.93166563,5.797660628,2.15,,,
28.94346175,5.787941753,2.151,,,
28.9552538,5.778208803,2.152,,,
28.96704177,5.768461775,2.153,,,
28.97882566,5.758700665,2.154,,,
28.99060547,5.74892547,2.155,,,
29.00238119,5.739136186,2.156,,,
29.01415281,5.729332809,2.157,,,
29.02592034,5.719515337,2.158,,,
29.03768376,5.709683765,2.159,,,
29.04944309,5.69983809,2.16,,,
29.06119831,5.689978308,2.161,,,
29.07294942,5.680104417,2.162,,,
29.08469641,5.670216412,2.163,,,
29.09643929,5.66031429,2.164,,,
29.10817805,5.650398047,2.165,,,
29.11991268,5.64046768,2.166,,,
29.13164319,5.630523185,2.167,,,
29.14336956,5.620564559,2.168,,,
29.1550918,5.610591798,2.169,,,
29.1668099,5.600604899,2.17,,,
29.17852386,5.590603858,2.171,,,
29.19023367,5.580588672,2.172,,,
29.20193934,5.570559336,2.173,,,
29.21364085,5.560515848,2.174,,,
29.2253382,5.550458204,2.175,,,
29.2370314,5.540386401,2.176,,,
29.24872043,5.530300434,2.177,,,
29.2604053,5.520200301,2.178,,,
29.272086,5.510085998,2.179,,,
29.28376252,5.49995752,2.18,,,
29.29543487,5.489814866,2.181,,,
29.30710303,5.479658031,2.182,,,
29.31876701,5.469487012,2.183,,,
29.3304268,5.459301804,2.184,,,
29.34208241,5.449102406,2.185,,,
29.35373381,5.438888812,2.186,,,
29.36538102,5.42866102,2.187,,,
29.37702403,5.418419026,2.188,,,
29.38866283,5.408162827,2.189,,,
29.40029742,5.397892419,2.19,,,
29.4119278,5.387607797,2.191,,,
29.42355396,5.37730896,2.192,,,
29.4351759,5.366995903,2.193,,,
29.44679362,5.356668623,2.194,,,
29.45840712,5.346327116,2.195,,,
29.47001638,5.335971379,2.196,,,
29.48162141,5.325601409,2.197,,,
29.4932222,5.3152172,2.198,,,
29.50481875,5.304818751,2.199,,,
29.51641106,5.294406058,2.2,,,
29.52799912,5.283979116,2.201,,,
29.53958292,5.273537923,2.202,,,
29.55116248,5.263082475,2.203,,,
29.56273777,5.252612769,2.204,,,
29.5743088,5.2421288,2.205,,,
29.58587557,5.231630566,2.206,,,
29.59743806,5.221118063,2.207,,,
29.60899629,5.210591287,2.208,,,
29.62055023,5.200050235,2.209,,,
29.6320999,5.189494903,2.21,,,
29.64364529,5.178925287,2.211,,,
29.65518639,5.168341385,2.212,,,
29.66672319,5.157743192,2.213,,,
29.67825571,5.147130706,2.214,,,
29.68978392,5.136503922,2.215,,,
29.70130784,5.125862837,2.216,,,
29.71282745,5.115207448,2.217,,,
29.72434275,5.104537751,2.218,,,
29.73585374,5.093853742,2.219,,,
29.74736042,5.083155417,2.22,,,
29.75886277,5.072442775,2.221,,,
29.77036081,5.06171581,2.222,,,
29.78185452,5.050974519,2.223,,,
29.7933439,5.040218899,2.224,,,
29.80482895,5.029448946,2.225,,,
29.81630966,5.018664657,2.226,,,
29.82778603,5.007866028,2.227,,,
29.83925806,4.997053056,2.228,,,
29.85072574,4.986225737,2.229,,,
29.86218907,4.975384067,2.23,,,
29.87364804,4.964528043,2.231,,,
29.88510266,4.953657662,2.232,,,
29.89655292,4.942772919,2.233,,,
29.90799881,4.931873812,2.234,,,
29.91944034,4.920960337,2.235,,,
29.93087749,4.91003249,2.236,,,
29.94231027,4.899090268,2.237,,,
29.95373867,4.888133667,2.238,,,
29.96516268,4.877162684,2.239,,,
29.97658232,4.866177315,2.24,,,
29.98799756,4.855177557,2.241,,,
29.99940841,4.844163406,2.242,,,
30.01081486,4.833134858,2.243,,,
30.02221691,4.82209191,2.244,,,
30.03361456,4.811034559,2.245,,,
30.0450078,4.799962801,2.246,,,
30.05639663,4.788876632,2.247,,,
30.06778105,4.777776049,2.248,,,
30.07916105,4.766661049,2.249,,,
30.09053663,4.755531627,2.25,,,
30.10190778,4.744387781,2.251,,,
30.11327451,4.733229506,2.252,,,
30.1246368,4.722056799,2.253,,,
30.13599466,4.710869658,2.254,,,
30.14734808,4.699668077,2.255,,,
30.15869705,4.688452054,2.256,,,
30.17004158,4.677221585,2.257,,,
30.18138167,4.665976666,2.258,,,
30.19271729,4.654717295,2.259,,,
30.20404847,4.643443467,2.26,,,
30.21537518,4.632155179,2.261,,,
30.22669743,4.620852427,2.262,,,
30.23801521,4.609535208,2.263,,,
30.24932852,4.598203519,2.264,,,
30.26063735,4.586857355,2.265,,,
30.27194171,4.575496713,2.266,,,
30.28324159,4.564121591,2.267,,,
30.29453698,4.552731983,2.268,,,
30.30582789,4.541327887,2.269,,,
30.3171143,4.529909299,2.27,,,
30.32839622,4.518476216,2.271,,,
30.33967363,4.507028633,2.272,,,
30.35094655,4.495566549,2.273,,,
30.36221496,4.484089958,2.274,,,
30.37347886,4.472598857,2.275,,,
30.38473824,4.461093244,2.276,,,
30.39599311,4.449573114,2.277,,,
30.40724346,4.438038463,2.278,,,
30.41848929,4.426489289,2.279,,,
30.42973059,4.414925588,2.28,,,
30.44096736,4.403347356,2.281,,,
30.45219959,4.39175459,2.282,,,
30.46342729,4.380147285,2.283,,,
30.47465044,4.36852544,2.284,,,
30.48586905,4.356889049,2.285,,,
30.49708311,4.34523811,2.286,,,
30.50829262,4.333572619,2.287,,,
30.51949757,4.321892572,2.288,,,
30.53069797,4.310197967,2.289,,,
30.5418938,4.298488799,2.29,,,
30.55308506,4.286765064,2.291,,,
30.56427176,4.27502676,2.292,,,
30.57545388,4.263273883,2.293,,,
30.58663143,4.251506429,2.294,,,
30.59780439,4.239724394,2.295,,,
30.60897278,4.227927776,2.296,,,
30.62013657,4.216116571,2.297,,,
30.63129577,4.204290774,2.298,,,
30.64245038,4.192450383,2.299,,,
30.65360039,4.180595395,2.3,,,
30.6647458,4.168725804,2.301,,,
30.67588661,4.156841609,2.302,,,
30.68702281,4.144942805,2.303,,,
30.69815439,4.133029389,2.304,,,
30.70928136,4.121101358,2.305,,,
30.72040371,4.109158707,2.306,,,
30.73152143,4.097201433,2.307,,,
30.74263453,4.085229534,2.308,,,
30.753743,4.073243004,2.309,,,
30.76484684,4.061241841,2.31,,,
30.77594604,4.049226041,2.311,,,
30.7870406,4.037195601,2.312,,,
30.79813052,4.025150517,2.313,,,
30.80921579,4.013090786,2.314,,,
30.8202964,4.001016403,2.315,,,
30.83137237,3.988927366,2.316,,,
30.84244367,3.976823671,2.317,,,
30.85351031,3.964705315,2.318,,,
30.86457229,3.952572293,2.319,,,
30.8756296,3.940424602,2.32,,,
30.88668224,3.92826224,2.321,,,
30.8977302,3.916085201,2.322,,,
30.90877348,3.903893483,2.323,,,
30.91981208,3.891687083,2.324,,,
30.930846,3.879465996,2.325,,,
30.94187522,3.867230219,2.326,,,
30.95289975,3.854979749,2.327,,,
30.96391958,3.842714582,2.328,,,
30.97493471,3.830434714,2.329,,,
30.98594514,3.818140143,2.33,,,
30.99695086,3.805830863,2.331,,,
31.00795187,3.793506873,2.332,,,
31.01894817,3.781168168,2.333,,,
31.02993975,3.768814745,2.334,,,
31.0409266,3.7564466,2.335,,,
31.05190873,3.74406373,2.336,,,
31.06288613,3.731666131,2.337,,,
31.0738588,3.7192538,2.338,,,
31.08482673,3.706826733,2.339,,,
31.09578993,3.694384927,2.34,,,
31.10674838,3.681928377,2.341,,,
31.11770208,3.669457082,2.342,,,
31.12865104,3.656971036,2.343,,,
31.13959524,3.644470237,2.344,,,
31.15053468,3.63195468,2.345,,,
31.16146936,3.619424363,2.346,,,
31.17239928,3.606879282,2.347,,,
31.18332443,3.594319434,2.348,,,
31.19424481,3.581744814,2.349,,,
31.20516042,3.569155419,2.35,,,
31.21607125,3.556551246,2.351,,,
31.22697729,3.543932291,2.352,,,
31.23787855,3.531298551,2.353,,,
31.24877502,3.518650022,2.354,,,
31.2596667,3.505986701,2.355,,,
31.27055358,3.493308583,2.356,,,
31.28143567,3.480615666,2.357,,,
31.29231295,3.467907947,2.358,,,
31.30318542,3.45518542,2.359,,,
31.31405308,3.442448084,2.36,,,
31.32491593,3.429695933,2.361,,,
31.33577397,3.416928966,2.362,,,
31.34662718,3.404147178,2.363,,,
31.35747557,3.391350566,2.364,,,
31.36831913,3.378539126,2.365,,,
31.37915785,3.365712855,2.366,,,
31.38999175,3.352871748,2.367,,,
31.4008208,3.340015804,2.368,,,
31.41164502,3.327145017,2.369,,,
31.42246439,3.314259385,2.37,,,
31.4332789,3.301358905,2.371,,,
31.44408857,3.288443571,2.372,,,
31.45489338,3.275513382,2.373,,,
31.46569333,3.262568333,2.374,,,
31.47648842,3.24960842,2.375,,,
31.48727864,3.236633642,2.376,,,
31.49806399,3.223643992,2.377,,,
31.50884447,3.21063947,2.378,,,
31.51962007,3.19762007,2.379,,,
31.53039079,3.184585789,2.38,,,
31.54115662,3.171536624,2.381,,,
31.55191757,3.158472571,2.382,,,
31.56267363,3.145393626,2.383,,,
31.57342479,3.132299787,2.384,,,
31.58417105,3.119191049,2.385,,,
31.59491241,3.106067409,2.386,,,
31.60564886,3.092928863,2.387,,,
31.61638041,3.079775409,2.388,,,
31.62710704,3.066607041,2.389,,,
31.63782876,3.053423758,2.39,,,
31.64854556,3.040225555,2.391,,,
31.65925743,3.027012429,2.392,,,
31.66996438,3.013784376,2.393,,,
31.68066639,3.000541392,2.394,,,
31.69136348,2.987283475,2.395,,,
31.70205562,2.974010621,2.396,,,
31.71274283,2.960722825,2.397,,,
31.72342509,2.947420085,2.398,,,
31.7341024,2.934102397,2.399,,,
31.74477476,2.920769758,2.4,,,
31.75544216,2.907422163,2.401,,,
31.76610461,2.89405961,2.402,,,
31.7767621,2.880682095,2.403,,,
31.78741461,2.867289614,2.404,,,
31.79806216,2.853882164,2.405,,,
31.80870474,2.840459742,2.406,,,
31.81934234,2.827022343,2.407,,,
31.82997496,2.813569964,2.408,,,
31.8406026,2.800102602,2.409,,,
31.85122525,2.786620253,2.41,,,
31.86184291,2.773122913,2.411,,,
31.87245558,2.75961058,2.412,,,
31.88306325,2.746083249,2.413,,,
31.89366592,2.732540917,2.414,,,
31.90426358,2.718983581,2.415,,,
31.91485624,2.705411236,2.416,,,
31.92544388,2.69182388,2.417,,,
31.93602651,2.678221509,2.418,,,
31.94660412,2.664604119,2.419,,,
31.95717671,2.650971707,2.42,,,
31.96774427,2.637324269,2.421,,,
31.9783068,2.623661802,2.422,,,
31.9888643,2.609984301,2.423,,,
31.99941676,2.596291765,2.424,,,
32.00996419,2.582584189,2.425,,,
32.02050657,2.568861569,2.426,,,
32.0310439,2.555123902,2.427,,,
32.04157618,2.541371185,2.428,,,
32.05210341,2.527603414,2.429,,,
32.06262558,2.513820585,2.43,,,
32.07314269,2.500022695,2.431,,,
32.08365474,2.48620974,2.432,,,
32.09416172,2.472381717,2.433,,,
32.10466362,2.458538623,2.434,,,
32.11516045,2.444680453,2.435,,,
32.1256522,2.430807204,2.436,,,
32.13613887,2.416918873,2.437,,,
32.14662046,2.403015456,2.438,,,
32.15709695,2.38909695,2.439,,,
32.16756835,2.375163351,2.44,,,
32.17803466,2.361214655,2.441,,,
32.18849586,2.34725086,2.442,,,
32.19895196,2.33327196,2.443,,,
32.20940295,2.319277954,2.444,,,
32.21984884,2.305268837,2.445,,,
32.23028961,2.291244606,2.446,,,
32.24072526,2.277205258,2.447,,,
32.25115579,2.263150788,2.448,,,
32.26158119,2.249081193,2.449,,,
32.27200147,2.23499647,2.45,,,
32.28241662,2.220896615,2.451,,,
32.29282662,2.206781625,2.452,,,
32.3032315,2.192651496,2.453,,,
32.31363122,2.178506224,2.454,,,
32.32402581,2.164345807,2.455,,,
32.33441524,2.15017024,2.456,,,
32.34479952,2.13597952,2.457,,,
32.35517864,2.121773643,2.458,,,
32.36555261,2.107552607,2.459,,,
32.37592141,2.093316406,2.46,,,
32.38628504,2.079065039,2.461,,,
32.3966435,2.0647985,2.462,,,
32.40699679,2.050516788,2.463,,,
32.4173449,2.036219898,2.464,,,
32.42768783,2.021907826,2.465,,,
32.43802557,2.00758057,2.466,,,
32.44835812,1.993238125,2.467,,,
32.45868549,1.978880488,2.468,,,
32.46900766,1.964507656,2.469,,,
32.47932462,1.950119624,2.47,,,
32.48963639,1.93571639,2.471,,,
32.49994295,1.921297951,2.472,,,
32.5102443,1.906864301,2.473,,,
32.52054044,1.892415438,2.474,,,
32.53083136,1.877951359,2.475,,,
32.54111706,1.86347206,2.476,,,
32.55139754,1.848977536,2.477,,,
32.56167279,1.834467786,2.478,,,
32.5719428,1.819942804,2.479,,,
32.58220759,1.805402589,2.48,,,
32.59246713,1.790847135,2.481,,,
32.60272144,1.77627644,2.482,,,
32.6129705,1.7616905,2.483,,,
32.62321431,1.747089311,2.484,,,
32.63345287,1.732472871,2.485,,,
32.64368617,1.717841174,2.486,,,
32.65391422,1.703194219,2.487,,,
32.664137,1.688532001,2.488,,,
32.67435452,1.673854517,2.489,,,
32.68456676,1.659161763,2.49,,,
32.69477374,1.644453736,2.491,,,
32.70497543,1.629730433,2.492,,,
32.71517185,1.614991848,2.493,,,
32.72536298,1.60023798,2.494,,,
32.73554882,1.585468825,2.495,,,
32.74572938,1.570684379,2.496,,,
32.75590464,1.555884638,2.497,,,
32.7660746,1.541069599,2.498,,,
32.77623926,1.526239259,2.499,,,
32.78639861,1.511393613,2.5,,,
32.79655266,1.496532659,2.501,,,
32.80670139,1.481656393,2.502,,,
32.81684481,1.466764811,2.503,,,
32.82698291,1.45185791,2.504,,,
32.83711569,1.436935687,2.505,,,
32.84724314,1.421998137,2.506,,,
32.85736526,1.407045257,2.507,,,
32.86748204,1.392077044,2.508,,,
32.87759349,1.377093493,2.509,,,
32.8876996,1.362094603,2.51,,,
32.89780037,1.347080368,2.511,,,
32.90789579,1.332050786,2.512,,,
32.91798585,1.317005853,2.513,,,
32.92807057,1.301945566,2.514,,,
32.93814992,1.28686992,2.515,,,
32.94822391,1.271778913,2.516,,,
32.95829254,1.25667254,2.517,,,
32.9683558,1.241550799,2.518,,,
32.97841369,1.226413686,2.519,,,
32.9884662,1.211261197,2.52,,,
32.99851333,1.196093328,2.521,,,
33.00855508,1.180910077,2.522,,,
33.01859144,1.165711439,2.523,,,
33.02862241,1.150497411,2.524,,,
33.03864799,1.13526799,2.525,,,
33.04866817,1.120023172,2.526,,,
33.05868295,1.104762953,2.527,,,
33.06869233,1.089487331,2.528,,,
33.0786963,1.0741963,2.529,,,
33.08869486,1.058889859,2.53,,,
33.098688,1.043568003,2.531,,,
33.10867573,1.028230728,2.532,,,
33.11865803,1.012878032,2.533,,,
33.12863491,0.997509911,2.534,,,
33.13860636,0.982126361,2.535,,,
33.14857238,0.966727378,2.536,,,
33.15853296,0.95131296,2.537,,,
33.1684881,0.935883102,2.538,,,
33.1784378,0.920437801,2.539,,,
33.18838205,0.904977054,2.54,,,
33.19832086,0.889500857,2.541,,,
33.20825421,0.874009206,2.542,,,
33.2181821,0.858502098,2.543,,,
33.22810453,0.842979529,2.544,,,
33.2380215,0.827441496,2.545,,,
33.247933,0.811887996,2.546,,,
33.25783902,0.796319024,2.547,,,
33.26773958,0.780734578,2.548,,,
33.27763465,0.765134653,2.549,,,
33.28752425,0.749519246,2.55,,,
33.29740835,0.733888354,2.551,,,
33.30728697,0.718241973,2.552,,,
33.3171601,0.7025801,2.553,,,
33.32702773,0.686902731,2.554,,,
33.33688986,0.671209862,2.555,,,
33.34674649,0.65550149,2.556,,,
33.35659761,0.639777611,2.557,,,
33.36644322,0.624038223,2.558,,,
33.37628332,0.60828332,2.559,,,
33.3861179,0.592512901,2.56,,,
33.39594696,0.576726961,2.561,,,
33.4057705,0.560925496,2.562,,,
33.4155885,0.545108504,2.563,,,
33.42540098,0.52927598,2.564,,,
33.43520792,0.513427921,2.565,,,
33.44500932,0.497564325,2.566,,,
33.45480519,0.481685186,2.567,,,
33.4645955,0.465790501,2.568,,,
33.47438027,0.449880268,2.569,,,
33.48415948,0.433954482,2.57,,,
33.49393314,0.41801314,2.571,,,
33.50370124,0.402056238,2.572,,,
33.51346377,0.386083773,2.573,,,
33.52322074,0.370095742,2.574,,,
33.53297214,0.35409214,2.575,,,
33.54271796,0.338072964,2.576,,,
33.55245821,0.322038211,2.577,,,
33.56219288,0.305987878,2.578,,,
33.57192196,0.289921959,2.579,,,
33.58164545,0.273840453,2.58,,,
33.59136336,0.257743356,2.581,,,
33.60107566,0.241630664,2.582,,,
33.61078237,0.225502373,2.583,,,
33.62048348,0.20935848,2.584,,,
33.63017898,0.193198981,2.585,,,
33.63986887,0.177023873,2.586,,,
33.64955315,0.160833153,2.587,,,
33.65923182,0.144626816,2.588,,,
33.66890486,0.12840486,2.589,,,
33.67857228,0.11216728,2.59,,,
33.68823407,0.095914074,2.591,,,
33.69789024,0.079645237,2.592,,,
33.70754077,0.063360767,2.593,,,
33.71718566,0.047060659,2.594,,,
33.72682491,0.03074491,2.595,,,
33.73645852,0.014413516,2.596,,,
33.74608648,-0.001933525,2.597,,,
